splits=[(array([112,  71,  30, 105, 130,  80, 188, 161,   9,  87, 139, 184, 177,
         142,  32, 146, 175,  84,  73, 182, 109,  78,  28, 147, 135,  82,
         153,  75, 168,  21,  68,  99,  63,  60, 104,  86,  47,  33,  88,
         122,   0,  11,   8,  22,  61, 179,  89, 117, 131, 140, 101, 148,
         158,  18,  29, 162,  15,  51,  39,  54, 152,  46,  93,  95, 108,
         187,  67, 102,   4, 118, 107, 133,  52, 143,  96, 100, 149, 106,
         170,  14,  69,  48, 156, 132, 169, 124,  62,  50, 163, 164,  65,
          97,  91, 114, 141,   7,  64,  19,  35,  56, 134,  59,  12,  49,
         178,  25,  38,  42, 136, 167,  16, 129, 154, 126, 150,  85,  31,
         113, 183, 103, 174,  57,  53,  24,  17, 127,  66, 160, 159, 115,
         186,  94, 180, 189,  92,  23,  36, 123,  98,   5, 116,  45, 157,
         171]),
  array([172,  77,  43,  90, 165,  20, 173, 144,  58,  34,   6, 185,  40,
          74,  81, 125,  13,  55, 190, 119,  72, 151, 121, 191,  37,   2,
         120, 181,  10, 176,  70, 128,  79, 110,  41, 145,  26, 138,  27,
           1, 155, 166,  76,   3,  44, 111,  83, 137])),
 (array([171,  10, 168,  15, 161, 186, 142,  84, 102,  14,  13,  48,  40,
         144,  17, 138, 107,  94, 166, 183,  46,  86,  72,  31,  91,  43,
         175,   5, 145,  32,  55, 141,  62, 162,  76,   2,   0,  93, 180,
          71,  19, 189, 126, 106,  66, 154, 101,  89, 129,  90, 181,  53,
          60, 157,  30,  69, 178,   3,  44,  88,  70, 164, 159,  64, 136,
         160,   7, 148,  37, 172,  28,   4,  65,  26,  49, 130, 135,  39,
         169,  45,   6,  73, 152, 153, 187, 132, 121,  41, 108,  38,  56,
          52, 122,  24, 155, 167,  68, 116, 143, 110,  82,  51, 127,  27,
           8,  75, 146, 139,  99,  18, 140,  85, 111,  83,  61, 170,  16,
          29, 191, 177,  22,  12, 112,  11,  36, 150, 179,  95,  35,  98,
         176, 151, 100, 137, 184,  20, 163, 119, 156,  74, 113,  57, 134,
         104]),
  array([105,  81,  77,  42, 124, 117,  33,  50, 128, 120, 158, 165,  96,
          47,   1, 118, 133, 185,  80, 131,  54,  58,  79, 173,  97, 188,
          67,  78, 123, 109,  63,  21, 190,  34, 147, 125,  25,  92, 103,
         182, 174,  23,  59, 115, 114, 149,  87,   9])),
 (array([110, 181,  27,  92,  13, 124, 113,  14, 130,  34,  72, 180, 165,
          35, 129, 116, 115,  47, 188,  95, 142, 189, 157,  44,  48, 183,
          45, 178, 141, 163,  69, 187,  21,  88,  41, 134, 123,  20,  18,
         125,  60, 136, 159, 185,  93,  66,  24, 119, 135, 121,   7,  15,
         126, 156,  79, 177, 171, 139,  42, 106,  76, 140, 170, 184, 158,
          68,  87,  83, 127,  73,  16,  55,   9, 161,  28,   4,  80, 162,
         105, 118, 133, 146,  51,  90,  78,  29,  81, 182, 149,  37, 102,
          74,  65, 166,  46, 111, 167,  56, 174,  53,  11,  49, 122, 172,
         117, 153,  38,  71, 175,  91,  33,  31, 112,   3,  50,   0, 109,
          77, 190, 144,  82, 164,  52,  22,   2, 101, 132,  94,   5,  54,
         148, 128,  98, 104,  97, 160, 176,  26,  58,  85,  62,  25,  84,
          10]),
  array([ 40, 191, 150, 131,  43,  70,  99, 108, 138,  30,  64, 154,  59,
         103, 143,  86, 169,  36,  39, 179,   8, 168, 152,  96,  19,  12,
          32,  61,  75, 100, 147, 107,  63, 120, 114, 173,  67,  57, 137,
          17,  89, 151,   6, 186, 145, 155,   1,  23])),
 (array([ 96,  90, 187,  28, 145, 152,  51,  80,   7,  70,   6, 156,  85,
         167, 127, 173,  73,  52, 166, 123,  24, 188, 126,  22, 118,  50,
          31,  95,  38, 115, 138,  17,  41, 164, 147, 155, 189,  82, 153,
         146,  84, 102,  29,  97,  13,  10,  71,  92, 137, 182,  21, 142,
         170, 144, 168,  98,  75,  33, 122, 121,  77,  49, 107,  59, 158,
          68,  48, 176, 159,  34, 140,  23,  14, 165,   8,  16,  72, 100,
          62,  64,  83, 131,  12, 129,   4,   9, 162,   2,  76,  99, 125,
          36,  37,  63, 141,  89,   0,  46, 139, 160,  19,  18,  67, 161,
         191, 132,  43,  25, 135, 163, 178, 177, 112, 117, 133,  78, 181,
         179,  65,   5, 175,  35,  39,  30, 130, 136,  54, 151,  94, 186,
          61,  74,  93,   3, 111,  69,  20, 149, 180,  32, 120, 108,  58,
         183]),
  array([ 55, 101, 190, 185,  91,  79, 106,  60, 128, 114,  15,  88, 104,
         116, 143, 150, 184,  44,  45,  11, 109, 113,  66,  56, 110,  27,
         148, 119, 105, 157,  53, 171, 172,  40,  42,  86, 134,   1, 103,
          81, 154,  47,  87,  57, 124, 174, 169,  26])),
 (array([ 32, 125, 128,  78, 102,  47,  81, 176,  13,  20,  72, 181,  51,
         139, 178,  42, 166, 183, 168, 131, 165,  94, 146,  53, 180,  58,
          66, 152,  64, 156,   6,  49, 144,  88,  33, 157,  73,   9, 112,
           2, 158, 190,   7, 101,   3, 179, 151, 145, 118, 140,  65,  46,
          77, 175,  17,  18, 171,  15, 111,  92,  44, 123, 153,  29,  31,
          61,  82,  55, 173,  86,  93,  12,  95, 160,  70, 133, 188,  60,
         135, 177,  85, 117, 104,  83,  80,  48, 113, 149, 172,  87, 155,
         107, 127,  16,  90, 134, 129,  37,  74, 163,  24, 159,  34, 116,
         161, 174,  52, 164, 142, 114,  54,  62, 167,  56, 109,  89, 148,
         100,  45,   0, 150,  10,  40,  39,  28,  50, 136, 121,  30,  91,
         105, 126,  71,  36, 119, 132,  67,  99, 170,  59, 191, 110, 189,
         103]),
  array([ 25, 106, 143, 187,  14, 108,  63,  41,  79, 182,  96,  68,  27,
         130,  23,  26, 184,  75,  69, 141, 138,  21,  98, 122, 162, 185,
          43,   8,   5, 115,  38, 120,  11,  84, 137, 186, 169,  19,   4,
          97,   1, 154, 147,  35,  76, 124,  57,  22])),
 (array([187, 104, 131, 184, 188, 158, 178,  44, 109, 122,  23, 166,  88,
         173,  66, 125,  67,  17, 123,  83,  47,   8, 132,  13,   6,  91,
          22, 170,  70,  15,   9,  31, 150,  96, 149, 179,  14, 139,  81,
         124,  71, 186,  98, 172, 134,  20,  94,   7,  82,  87,  79,  61,
         160,  46, 140, 167,  73, 130, 155,  48,  58, 117, 119,  18, 163,
         141, 101,  93, 175,  43, 107, 100, 113,   2,  34, 143,  24, 182,
         103,  42,  60, 128, 177, 146,  72, 190,  80, 151,  32,  55,  68,
         110,  54, 176, 154,  38, 112, 147,  39,  10, 191,  25, 114,  35,
          50, 106,  53, 129,  63,  45, 174, 153, 144, 137,  52,  11, 189,
         133,  30,  56,  26,  85, 105, 116,  86,  75, 121, 152, 164,  16,
          33, 165,  40,  99,  41,  84, 127, 145,  69,  74,  36,  97, 108,
          28]),
  array([ 90, 111,  89,  59,  64,  49, 156,   5, 185, 161, 162,  95, 135,
          51, 138,   0,   4,  27,  78, 157, 118,  37, 169, 115, 181,  19,
         159,  76, 168, 142, 171,  92, 180,  29, 102,  57,   1,  77, 136,
          65,  12, 120,  21, 148,   3, 183,  62, 126])),
 (array([ 84, 189, 150, 179,  86, 138, 149,  64,  11, 131,  83,  13,   1,
          35, 115, 190, 181,  29, 169,  31,   9, 162,  22,  30, 137,  82,
         118,   6, 112, 188,  26, 167,  41,  52, 134, 143,  40, 111,  91,
         141,  96,  79,  18, 132, 158,  32, 107,  90, 182, 105,  55, 133,
          57, 168, 146,  95,  44, 128,  80, 110,  68,  27, 175, 117,  59,
         185,  69,  17,  89,  47, 126, 183,  37,  78, 178, 136, 171, 135,
         156,  24,  39, 153,  75,  28, 148,  66, 104, 177,  97, 100,  67,
         191,  88, 124, 159,  12, 160, 144, 176,  81, 122, 184, 121,  19,
          98,   8,  46, 166, 157,   4,   5, 119,   2,  56, 106,  73, 109,
         116,  53, 180,  92, 147,  71,  58,   3,  51, 152,  76,  61,  10,
         187,  45,  62,  38, 123, 170,  60,  36, 139,  87, 120,  48, 142,
          72]),
  array([114, 174,  54,  49,  42,   7, 129, 113,  20, 145, 125, 127,  70,
          99, 102,  15,  94,  25,   0,  77,  43,  93, 161,  85,  50, 165,
         173, 151, 172,  21, 186,  74, 154,  14, 164, 163, 155, 108, 130,
          65, 103, 101,  34,  23,  33,  63, 140,  16])),
 (array([ 96,   6, 165,  84,  27, 158,  55,  97, 152, 182, 138, 112,  30,
         181,  64,  72, 128, 162,  60,  48,  43, 132,  89, 104,  65, 171,
         187, 108,  29, 113, 186, 179, 164,  39,  73,  99,  19,  53,  79,
         142, 103, 133,  75, 131, 183, 135,  50, 122, 102, 143,  40,  32,
          88,  44, 175, 174, 127,  94,  81, 114,  93, 151, 166, 119, 169,
          76, 155,  10, 148,  87,   1, 134, 116, 117,  85,  62, 136, 120,
          47,  37,   8, 163, 168,  16, 150,  45, 139, 121, 147, 153, 145,
         160,  49, 149, 191,   7,  52,  92, 144,  59,  71, 170, 177,  17,
          11,  23,  24,  63, 180, 123, 188,   0, 130, 146,   5, 172, 100,
          46,  20,  91, 125,  80,  26,  21,  83, 129,  31, 115,  74, 156,
         185, 118,  14,  38, 140,  98,   3,  28, 173,  25,  57, 178, 159,
          78]),
  array([ 77,  86,  95, 141, 190,  68,  69, 167,  90, 126,   9,  41,  61,
         157, 137, 105,   4, 101, 111,  34, 189, 110, 161,  54, 124,  70,
         106,  35,  66,  42,  18,  33, 154,  12,  36,  22,  56, 109,  67,
          13,  58,   2, 176,  82, 107, 184,  15,  51])),
 (array([108, 149,  66,  31,  74,  57,  87, 160, 145, 174,  54, 144, 153,
          85,  15,  51, 132, 159,  37, 101,  22, 120,  76, 105, 167, 112,
         136, 180, 115,  52,  90, 164,  94,  50,  32, 187,  58, 138,  34,
         113,  28, 157, 177, 103,  72, 150, 181, 128,  60, 168, 171, 109,
          55,  43,  48, 184, 166, 100, 131, 148, 106, 135, 140,  63,  56,
         119, 137,  42, 156, 182, 133,   0, 179,  93,  75, 139,  92,  73,
          79, 141, 117,   9,  30,  46,  44,   4, 172,  27,  88, 122,  69,
         129,  83, 152, 110, 165,  59,  61,  40,  68, 186, 118,   1,  77,
          13,  41,  86,  99,   7,  25,  98, 142,  20,  39,  17, 130,  11,
         124, 114,  38,   5, 175, 161,  78,  65,  97, 116, 163, 104,  95,
         178, 176,  49, 151,  19, 125, 107,   3,  36, 147,  23, 188, 185,
         158]),
  array([143,  45,   2,  10,  96,   6, 155,  35,  82, 169,  81, 134,  14,
          12, 189, 191,  80,  47, 173, 170, 121,   8, 183, 154,  71, 111,
          62,  18, 146,  64, 190, 127,  24,  91,  26, 126,  53,  67,  16,
         162,  29, 123,  70,  89,  84,  33, 102,  21])),
 (array([163, 118,  97, 188,   4,  66,  32, 115,  63, 180, 112, 137, 104,
         100, 175,  90, 131,  72,  49, 178, 156, 129, 120,  23, 161, 174,
           9, 134,  78, 162, 165, 154,  21,  99, 190,  44, 151,   0, 183,
         103, 127,  83, 114,  95, 102,  60,  41,  55,  62,  70,  30,  12,
          38, 166,  94,   6, 186,  93, 182,  89,   3,  76, 172,   1,  17,
          29, 136, 105,  15,   7, 171,  27, 110,  28,  26, 167,  51, 139,
         111, 133, 124,  77,  33,  18, 143,  67, 150,  50,  35,  24, 123,
         158,  46,  79, 106,  20, 122, 107,  45,  69,  86,  42,  14,  43,
          36, 173, 132,  11, 152, 153, 116, 155,  47,  71,  25,  84,   2,
           8,  73, 109,  98,  10, 101,  34,  48, 160,  92,  59, 146, 148,
         181,  75,  64, 142,  88,  53,  87, 128,  74, 108,  82,  22, 140,
          81]),
  array([ 39,  19, 185,  85, 125, 170,  65,  52,  57,   5, 135, 187, 189,
         157, 159, 117,  37, 149, 145,  40, 147,  56, 144,  58, 176,  61,
         164, 126, 168, 113,  96, 121, 191,  13, 138,  91, 169,  31, 184,
         119, 177, 179,  68,  80,  16, 141,  54, 130]))]