splits=[(np.array([ 68,  48,  94,  29,  72,  67,  14,  31,  96,  16,  22,  74,  80,
          70,  52,  84,  17,  49,  61,  57,  33,  85,  76,  83,  69,   8,
          78,  56,  65,  71,  93,  36,  59,  98,  53,  66,  28,  50,  39,
          27,  73,   3,  23,  62,  91,  54,   6,  41,  97,  13, 100,  86,
          46,  25,  82,  20,  35,  75,  90,  95,   0,   1,  11,  99,  32,
          89,  43,  40,   9,  64,  10,  45,   4,  55,  37]),
  np.array([44, 42,  2, 63, 79, 77,  5, 15, 92, 51, 38, 87, 21, 88, 24, 12, 81,
         30,  7, 47, 18, 34, 26, 58, 19, 60])),
 (np.array([25, 80, 85, 92, 10, 45, 95, 83, 71, 90, 78, 12, 16, 93, 60, 19, 87,
         42, 43,  7, 72, 73, 58, 47, 66, 46, 77, 88, 21, 53, 24, 54, 38, 76,
         62, 36, 55, 67, 99, 39, 64, 41, 84, 31, 82, 91,  1, 81, 35, 34,  6,
         68,  3, 57, 86, 14,  4, 79, 40, 70, 94, 97, 26, 28, 98, 56, 75, 22,
         20, 48, 59,  5, 63, 37, 44]),
  np.array([ 65,  13,  18,  51,  11,  33,   2,  96,  89,   9,  30,  74,  49,
          32,  17,   0,  50,   8,  29, 100,  61,  52,  27,  69,  23,  15])),
 (np.array([ 94,  61,  96,  88,  89,  63,  72,  48,   2,  37,   0,  34,   5,
          76,  57,  86,  75,  12,  56,   9,  97,  18,  53,  93,  98,  30,
          46,   6,  21,  20,  85,  79,  35,  60,  52,   3,  40,  81,  91,
          51,  31,  14,   4,  83,  73,  68, 100,  27,  41,  82,  71,  90,
          62,  19,  17,  67,   1,  59,  66,  26,  54,  58,  80,  10,  77,
          36,  23,  49,  92,  78,  11,  70,  16,   7,  28]),
  np.array([22, 55, 44, 24, 74, 69, 45, 15, 39, 43, 33, 95, 13, 25, 32, 99,  8,
         42, 64, 50, 87, 84, 29, 47, 38, 65])),
 (np.array([  5,  92,  74,  49,  96,  48, 100,  93,  38,  83,  95,  13,   6,
           2,  27,  88,  21,  55,  81,  20,  46,  90,  94,  12,  58,  44,
          34,  11,   7,  10,  47,  75,  77,  50,  56,  26,  25,  30,  66,
          40,  70,   3,  60,   1,  51,  15,  61,  28,  43,  63,  68,  97,
          71,  16,  17,  82,  85,   8,  45,  98,  22,  89,  84,  14,  54,
          91,   0,  53,  72,  87,  80,  33,  65,  18,  99]),
  np.array([ 4,  9, 19, 78, 59, 31, 36, 52, 79, 39, 62, 73, 24, 67, 86, 57, 37,
         76, 64, 42, 35, 32, 23, 29, 69, 41])),
 (np.array([ 49,  52,  73,  26,  99,  25,  39,  84,  32,  64,  37,  20,  96,
          76, 100,  82,  13,  69,  58,  18,  42,  11,  53,  85,   4,  62,
          60,  66,  78,  45,   3,   5,  12,  63,  33,  56,  34,  94,  54,
          41,  10,  75,  35,  61,  98,  15,  27,  48,  21,  83,  70,  97,
          72,  38,  67,  95,   1,  74,  28,  79,  17,  65,  57,  43,  86,
          23,  47,  89,   8,  77,  44,  40,  80,  31,   7]),
  np.array([30, 19,  6, 93, 90,  9, 81, 88, 29, 36, 68, 51, 16,  0, 14,  2, 91,
         92, 59, 22, 24, 46, 50, 71, 55, 87])),
 (np.array([  0,  97,  12,  56,  62,  85,  80,   6,  27,  64,  43,  51,  61,
          54,  29,  93,  38,  83,  55,  78,  99,  53,  46,  37,  17,  82,
          75,  66,  32,  36,   5,  58,  68,  25,  15,  87,  11,   7,  90,
          89,  30,  22,  28,  52,  76,  98,   3,  40,  72,  45,  71,  41,
          39, 100,   9,  65,  73,  70,  94,  77,  63,  35,   4,  60,  67,
          59,  10,  74,  31,  48,  23,  79,  13,  81,  20]),
  np.array([24, 21, 96, 57, 44, 34, 91, 26, 92, 47, 16, 50, 14, 84, 49, 18,  8,
         69, 19,  1,  2, 33, 88, 95, 42, 86])),
 (np.array([ 39,  41,  12,  55,  46,  94,  80,  93,  25,  86,  63, 100,  59,
          22,  56,   8,  99,  83,  40,  61,  89,   3,   5,  45,  62,  48,
          23,  34,  36,  13,  81,  31,  54,  43,  33,  98,   0,  77,  52,
          91,  19,  58,  32,  84,  70,  29,  75,  35,   6,  66,  16,  20,
           9,  21,  95,  44,  65,  30,  28,   2,  96,  51,  92,  37,  78,
          69,  38,  87,  14,  72,  85,   4,  50,  73,  82]),
  np.array([ 7, 24, 17, 67, 42, 88, 49, 60, 97, 27, 76, 90, 53, 64, 11, 26, 74,
         68, 18, 15,  1, 79, 10, 47, 71, 57])),
 (np.array([  2,  79,  80,  86,  61,  37,  23,  45,  62,  30,  64,  25,  55,
          96,  91,  32,  29,  43,  94,  34,  17,  75,  47,  26,   8,  69,
          35,  70,  21,  73,  88,  46,  53,  20,  59,  84, 100,  15,  51,
           9,  27,   4,  50,  82,  67,  49,  11,  42,  63,  72,   3,  28,
          16,   1,  68,  54,  60,  38,   0,  81,  76,  89,  48,  66,  77,
          52,  19,  31,  14,  90,  39,  65,  93,  24,  78]),
  np.array([33, 57,  6, 22, 83, 36, 87, 18, 74, 99, 98, 40, 13, 41, 58,  7, 56,
         85, 95, 92, 71, 97, 10, 44, 12,  5])),
 (np.array([ 37,  43,  85,  13,  61,  30,  17,  12,  29,  53,  54,  16,   6,
          22,  39,  93,  73,   2,  74,  60,  70,  28,  97,  31,  48,  90,
          26, 100,  87,  35,  19,  33,  46,  63,  78,  21,  52,  68,  59,
          24,  38,  92,  47,  66,  40,  55,   3,  62,  89,   8,  94,  34,
          49,  83,   0,  14,  88,  82,   1,  32,  20,  96,  27,  23,  58,
          84,  57,  75,  79,  91,  36,  41,  86,  80,  69]),
  np.array([50,  9, 25, 45, 67, 51, 77, 65,  4, 64, 76,  5, 10, 11, 44, 42, 95,
         56, 99, 15,  7, 81, 72, 98, 71, 18])),
 (np.array([39, 91, 16, 47, 35, 31,  5, 92, 80, 55,  8, 18, 43, 73, 37, 28, 71,
         23, 86, 84, 41, 70, 34, 50, 88, 45, 32,  4, 11, 51, 90, 53, 85, 42,
          7, 38, 94, 61, 59, 95, 46, 83, 66, 82, 14, 99, 36, 57, 24, 20, 77,
         22, 56, 93, 65, 87, 27, 96, 25, 74,  9,  1, 58, 67, 40, 63, 13, 15,
          2, 98,  3, 79, 49, 48, 21]),
  np.array([ 30,  19,  76,  44,  72,  12,  29, 100,  62,  68,  60,   6,  97,
           0,  54,  64,  17,  81,  10,  69,  89,  33,  78,  26,  75,  52]))]