[(array([ 29, 110,   4,  17,  69,  14,  66, 120,   3, 141, 137, 145,  52,
          81, 135, 118,  73,  58,  34, 144, 112, 119, 125,  38,   5,  65,
         142, 106,  87,  16,  70, 133,   2,  23,  88, 114, 123,  50,  56,
          40, 115,  54,  43, 127,   0,  11, 108,   6,  44,  93, 138,   8,
          39,  94,  68,  71,  55,  96, 104,  42, 129,  10, 139,  31,  18,
          85,  33, 100,  26,   9, 128,  60,  57,  47, 121, 122,  46,  74,
          49,  30, 134, 116,  36,  32, 131,  25,  48, 111,  84,  98,  45,
          89,  82,  83,  27,  80, 132, 103,  91,  76, 113,  28,  35,  75,
          22,  21, 126, 109, 107]),
  array([ 99,  19,  97, 101,  20, 143,  24,  63,  37,  90,  61, 136, 140,
          15,  92,  64,  62,  59, 102, 124,  86, 130, 105,  53,  13,  77,
          51,   1,  95,  78,  79,  67,   7, 117,  72,  12,  41])),
 (array([ 28,  91,  86,  36,  85,  79,  32, 133,  89, 107, 143,  88,  76,
          60,   3,  17,   1,  49,   2,  48,  84,  54, 141,  70, 115, 137,
         132,  58,  16,  71, 120, 135, 123, 122,  30,  47, 136,  46, 142,
         118, 108,  51, 124, 116,  81,  73,  35, 129,  62,  80,   8,  41,
          56, 112,  59,  64,  40, 103,  87, 111, 127,  65, 130,  43,  66,
          52,  34,  93,  55,  31,  29, 119,   9, 138,  19,  27,  23,  77,
          82,  12, 102,  99, 113,  74, 100, 128, 110,  75,  22,  95,  90,
           4,  96,  24, 145,   7,  42, 117,  78,  68,  37, 131,  97,  13,
          98,  15,  69, 139,  72]),
  array([ 20,  61,  44,   5,  25,  11, 125,  18,  45,  53,  67, 106, 105,
          63, 134, 104, 121, 144,  92,   6, 101,   0, 126,  38,  33,  21,
         114,  94,  14,  50,  39,  57,  83, 109,  10,  26, 140])),
 (array([ 30, 126,  71, 124,  59,  35,  98,  68,  77,  19,  56,  34, 131,
         112,  53,  40, 101,  93,  37,  60,  52,  25,  55,  24,  96, 119,
          46, 128, 113, 118,  16,  65,  57,  66, 105,  22,  15,   5,  58,
          62, 108, 115,  11,  94, 133,  87,  45, 123, 110, 114,  28,  79,
          13,  82,  48,  20,  97, 134,   2,  81,  91,  29, 127,  78,  51,
           9, 121,  83,  85,   1,  26,   8,  12,  31, 145, 142,  54,  47,
         130,  86, 109, 104,  21,  63,  74, 141,  61, 117,  27,  90,  23,
          89,  50,   0,  43, 116, 102,  42,  73,  75, 122,   6,  67, 143,
          69,  17, 129, 139,  95]),
  array([ 70, 135, 140,  88,   4,  92, 125,  36,  39,  84,  72, 107,  76,
          38,  41, 137,  99,  33, 111, 100, 103,  18,  64, 136,  80, 106,
          10, 120,  44,   3, 144, 138,   7,  32,  14, 132,  49])),
 (array([  2,  36,  12,  87,  93, 103, 122,  38, 129,  18,  41,  75,   5,
         104, 130,  21,  94,   0,  37,  48,   9,  89,  59,  33,   7,  98,
           4, 135, 132,  25, 120, 142,  74,  23,  85,  54, 145, 108,  96,
          52,  26,  64,  44, 109,  83,  88, 139,  31, 125,  32,  99,  68,
          43, 124,  70,  22,   3, 107,  39,  15, 141, 114,  42,  92, 127,
          63, 121,  91,  16, 113,  55,  67,  76, 101,  49,  20, 144,  81,
          45,  80,  47,  10, 102,  69,  65,  13,   8,  71, 140,  77, 118,
         115, 138,  58,  35,  86, 105,  82,  78,  57,  56,  66,  24,  17,
          14, 116,  90, 133, 112]),
  array([119,  95,  97,   6,  30, 100,  28,  27, 126,  60, 117, 136,  51,
          84, 110, 143,  53,  46,  79,  29,  62,  61, 134,  73,   1, 128,
         123, 111,  72,  34,  11, 131,  50,  19, 106, 137,  40])),
 (array([ 58, 123,  56,  28, 117,  52,   4, 144,  86,  63, 121,  96, 118,
          22, 125,  10, 128,  27,  47,  62,  74,  33, 109, 115,  78,  30,
          67,  80, 141,  41,  11, 136,  94, 107,   9,  55,  36,  93,  39,
          99,  21,  75,  43,  61,  60,  19,  23,  57,  46,  66, 102,  14,
         138,   1,  53,  97,  87, 134,  98, 139, 105,  31,  89,   8,  79,
          34,  35,  76,  50,  72,  20,  18, 132, 135, 103,  49,  51,  37,
          92,  70, 137, 112,  77, 100,  13,  25, 127,  68,   6, 131, 130,
         111, 110,  40, 119, 116,  65,  38,  45,  16,  88,  64,  85, 114,
          29,  17,  48, 104,  84]),
  array([133, 120, 129,  42, 145,  83,   0,   3, 142,  69,   7,   2,  91,
          44, 101, 106,  26,  12,  32,  15, 143,  90,   5, 126, 108,  95,
         122,  24,  54,  81,  82,  59,  73, 113, 140, 124,  71])),
 (array([ 55, 145,  36,  44,  62, 100, 110, 136,   2,  83,  34, 102,  17,
          91,  99,   0,  70,  81, 143,  13, 105,  14,   4,  71, 135, 125,
          77,  66, 139,  45,  86,  41,   5,  78,  42, 121,  46,  39,  30,
          79,  89, 119, 138,  61,  69,  68,  27,  16,  93,  12,  84,   3,
         133,   8,  80,  52,  11,  72,  74,  53, 132, 104, 128,  38, 115,
          32,  25, 113,  24,  60, 101,  21, 126,  67, 124,  47,  92, 141,
          15,  26,  97,  20,  18,  19,  82, 129, 120, 122, 137, 108,   7,
         103,  73,  37, 118,  48, 111,   6, 107,  31,  76, 117,  50,  40,
          43, 114,  95,  29, 130]),
  array([116, 127,  28,  51,  54, 106, 109,  98,  23, 140,  59, 142,  94,
          85,  65,  35,   1,  87,  58,  49,  56,  64,  96, 112,  22, 131,
          10, 144,  90, 134,   9,  75,  33,  57, 123,  63,  88])),
 (array([129, 113, 142,  49,  52, 124, 116,  79,   1, 135,  80,  76, 140,
          43,  45, 115, 141,  74,  75, 110,   5,  39,  83,  36,  60,  81,
         114,  32,  95,  98,  54, 112, 111,  28,  88,  72,  11, 139,  13,
          41,  40, 128, 138, 120,  29,  93, 145,  33,   4,  64,  86, 117,
          37, 127,  63,  70, 101,  71, 134,  89,  20,  38,   9, 109, 126,
          58,  78,  25,  62,  61, 132,  50, 137, 122,   2,  73,  90,   7,
          82,  17, 143, 106,  12, 144, 105,  53,  44,  46,  67,  77, 107,
          96,  10,  85,  48, 119, 131,  19, 125, 121, 100,  31, 118, 123,
          23, 104,  92,  27,  42]),
  array([ 91,  99,  21,  24,  51,  55,   6, 108,  16,  97,  22, 102,  94,
          84, 136,  65,  47,  56,  34,  87, 103,  18,  26,  30,  35,  66,
          15, 133, 130,  14,  59,  57,   8,   3,  68,  69,   0])),
 (array([139,  98,  63,  85,  67,  20,  33,  27,  23, 106,  55,   0,  81,
           3,  62, 113,  79,  77,  80, 128,  73,  59,  30,  75,  82,  56,
          65,   7,  94,  61,  43,  72,  14,  71,  96, 126, 130,   6,  86,
          53, 141, 122,  52, 116,  51, 105,  29, 123, 127,  46,  11,  66,
           2,  99, 120,  45,  34, 112,  16,  35, 129,  38, 119,  17, 144,
          48,  64, 137,   8, 133, 118,  54, 115, 125,  70,  22,  93, 114,
          44, 103, 135,  78,  49, 136,  10,  47,  40, 145,  88,   1, 110,
         121,  50,  13,  97, 124, 143, 140,  12,  42, 111,  60,  24, 117,
          28, 138,  31,  69,  76]),
  array([ 18,   5,   4, 134, 142, 101,  83,  36,  37,  15,  39,  68,  32,
          25,  92,   9,  90, 131,  57, 109,  19,  58,  87,  89, 102, 108,
          74, 100, 107,  91,  95,  21, 132, 104,  41,  26,  84])),
 (array([ 58, 118,  62,   3, 130, 143,  20,  79,   2, 135, 122,  74,  38,
         121, 126,  75, 120,  88,  92,  17, 109, 123,  21,  48,  33,   0,
          85,   1,  45, 104,  51,  86,   7, 116,  91, 132,  61,  15,  90,
          44, 108, 107,   4,  82,  98,  72, 139,  59,  50,   5, 127, 100,
          56,  10,  94,  67,  60,  39, 138, 115,  24, 137,  41, 134, 103,
         125,   8,  80, 105,  16,  83,  49, 106, 129,  46,  30, 111,  70,
          63,  65,  19,  68,  37,  64,  93, 124,  81,  99, 112,  27,  25,
          97,  12,  53,  31,  55,  34, 110,  54, 131, 102,  18, 113,  69,
          32,  76, 101,  89, 140]),
  array([ 87,  40,  22,   6,  78,  66,  43, 133,  71,  96,  13,  73,  35,
         117,  29, 128,  84, 142,  23,  36,  47, 144,  26,  52,  28,  42,
         136,   9, 145, 114,  95,  77, 141, 119,  11,  14,  57])),
 (array([140,  58,  65, 128,  23,  51,  25, 104,  64, 141,  94,  57,   0,
          99, 132, 122,  63,  71,  35,  26,  67, 106, 143,  20,  33, 109,
          54,  97,  19,  44,  90,  17,  47,   4,  34,   2, 105, 138,  62,
          28,  74,  22,  96, 144,  40, 112, 102, 115,  12,  42,  10,  14,
           1,  79,  37,  55, 120,  76,   3,  49,  32,  29,  69, 135, 110,
          95,  53, 118,   7,  88, 124, 107,  56,  46,  75, 121, 145,  78,
          84, 119,  86,   9, 100, 131,  18,  16,  98, 134,  31,  72, 101,
          70, 130,  77,  41,  15,  27, 111, 142,  48, 116, 113,  89,  52,
          39,  61,  82,  60,  81]),
  array([ 80, 126,  43, 108, 103,  68,  11,  24,  13, 137,  73, 123,   5,
          91,   8,  59,  30, 117,  93,   6,  36,  87,  38, 127,  66, 136,
          85, 139,  45, 114,  83, 129,  50,  21, 125, 133,  92]))]