[(array([104,  73, 109, 108, 161,  33, 111, 123,  36, 171, 102, 135, 139,
         138,  37,  45,  66,  76,   2, 118, 141,  27, 124, 159,  10,  94,
         136,  68,  53, 140, 115,  34, 170, 105,  39, 165,  23,   4, 121,
          12, 113, 148,  24,  70,  64, 103, 163, 131, 146,  13, 145, 130,
         120,  59, 157,  43, 107,  28,  65,  50, 151, 169,  99, 132,  84,
         112, 126,   6,  56, 153, 158,  17,  41,  96, 174,   0, 144,   1,
          60,  75, 162, 116,   3,  69, 173,  90,   9, 168,  14,  31,  88,
          30, 122, 147,  74,   8, 172,   5,  87,  97, 114,  55, 154,  89,
         149,  57,  91,  93,  26,  47,  79, 155, 160,  42,  86,  82, 117,
         156,  32,  62,  46,  52, 128, 110, 150,  16,  95,  11, 166, 100,
          72]),
  array([ 29, 152,  15, 143, 164,  77,  20, 142,  80,  58,  71,  38, 101,
          51,  35, 127,  40,  81,  48,  44,  18, 134,  85, 137, 129, 125,
          19,   7,  25,  67,  21,  83,  78,  22,  61,  92,  98,  49, 167,
         106, 119, 133,  63,  54])),
 (array([ 55, 157,  80,  92, 166, 126, 114,   6,  54, 149,  86,  46, 172,
          96, 127, 109, 123, 164,  47, 160,  44, 106,  69, 122,   9,  62,
          58, 159,  30,  45,  17, 165,  68,  13, 150, 163,  61,  70, 147,
          38, 170,  48,  99, 143, 120,  83,  23, 129,  31, 108, 104,   5,
          34,   3, 141, 154,  72,   1,   8,  65, 107,  67,  53,  57, 121,
          76,  91, 131,  36, 105,  50,  26, 118,  95, 125, 151, 117,  71,
         174, 156,  10,  82,  79, 115,  11, 100,  84, 135,  16,  56,  39,
         168,  49,  74,  27, 116,  28, 146, 112,  77, 142,  14, 171,  98,
         167,  35, 102,  73,  24,  94,  25,  60,  37,  75, 133,  19,  42,
          29,  12, 169,  15,  33, 152,  93, 134,  20, 137,  87, 158, 130,
         153]),
  array([136,  40, 128,  78, 145,  97,  18, 132,  22,  51,  32, 140, 155,
         162,  59, 124, 144, 139, 138,  85, 103, 148, 111,   2, 113,  66,
          89,  43,  52,  63,   7, 119,   0, 173,  64,  81, 101,  88,  90,
           4,  21, 161, 110,  41])),
 (array([141, 152,  20, 100,  29,  38, 142, 151,  77,  23,  13,  40, 119,
         154,   8,  16,  66,  59, 126,  79, 136, 159,  92,  89,  57,  82,
         125, 140, 138,  32,  49,  86,  95,  62,  65, 173, 172,  43,  44,
         135,  45, 104,  80,  18,  56,  46, 102,  68,  42,  39, 117, 113,
         149, 122, 143, 146, 144,  90,  64,  22, 110,  48, 105,  83,  54,
          63,  93,  69, 137, 147, 108, 111,  97,  85,  24,  34,  91,  74,
         129,  52,   5,  27,  88, 148,  60,  31,  37,  98,  50, 109,  11,
         131, 167, 107,  36,  30, 133,   6,   9, 106, 166, 123, 160,   2,
          12, 114, 145, 157,  71, 121, 153, 165,  96, 155,  61,  21, 118,
         132,  26, 170, 161, 164, 158,  70, 103,  35,  53, 163,  99, 130,
         174]),
  array([162,  25,  51,  47,  78,  67,   0,  81, 134,  73, 112, 169,  19,
          58, 116,  72, 139,  41, 156, 127,  17,  94,  14,  84, 150,  75,
           1, 168, 128, 171,  28, 101,   4,  33,   7,  55, 120,  87,  15,
          10,   3, 124,  76, 115])),
 (array([ 72, 150, 167,  57, 133,  81,  61, 119,  86, 164,  75, 101,  40,
          29, 157,  36, 105,  98,  97, 152, 170,  17,   6,  69,  60,  99,
         155,  24,  47, 127,  52, 118, 149,  76,  30, 148, 147, 123, 107,
          34,  23,  42,  37,  39,  46, 134, 108, 144, 129, 165, 128, 100,
          82,  62, 163, 130, 102, 125,  11, 122, 136, 156, 145, 132,  12,
          87, 135, 139,  85,  41, 124, 113,  13, 103, 137,  71, 172,  21,
          45,  49,  91,  33,  48, 110,  18,  38,  51, 117,  93, 142, 161,
         121, 112,  90,   8,  56,  88,  89,  84, 111, 154,  73,  80,   4,
          77,   2, 171,  94,  22,  78,  20,  59, 104, 160,  28,  15, 166,
         106, 173,   7,  27, 159, 146,  66, 140, 162,  19,   3,  14, 168,
         138]),
  array([ 74,  79,  55, 174,  25,  70,  44,  53,  95,  67,  64, 151,  92,
          68,   0,   9, 153, 115,  10,   5,  63,  26, 143,  43,  54, 131,
         116,  83,  50, 141, 169, 158,   1,  65, 109,  31,  35,  32,  58,
         126, 114,  96, 120,  16])),
 (array([  2, 173,  80, 136,  96,  92,  40, 168,  23,  58,  12, 132,  81,
          93, 109, 110,   7, 139,  17, 121,  82,  47,  16, 103,  60, 145,
          14,  66, 116,  89, 102,  31, 112, 166,  70,  43,  72,  84,  11,
         146, 119, 140,  74,  63,  85, 157,  62,  41, 105, 135,  46,  55,
          28,   3, 111, 161,  42, 148,  15, 143,  94,  45,  35, 100,  65,
          99,  87,  50, 172, 127, 147,  39, 115,  21,  19,  68, 162,  52,
         129,  76,  24, 153, 150, 128,   5,  26,   4, 130, 133, 120,  18,
         169, 174,  75, 170, 101,  36,  25, 137,  29,  64,  54,  98, 108,
         131, 107,  78, 171,  37, 106,   0,  69, 152, 167, 122,  30, 163,
         159,  34, 141, 164,  22,  83, 165, 142, 126,  61,   9, 144,  38,
          13]),
  array([ 51,  53, 138,  48,  56,   1, 117,  57,  27, 160,  59,  91, 125,
          71,  10,  90,  33,  97,  79,  77,  20,   6,  73, 155,  49, 154,
         151, 118, 158, 134,  67,  88,   8, 156, 113,  95, 149,  86, 114,
          44,  32, 124, 123, 104])),
 (array([ 10, 171, 135, 170,  21, 167,  40, 131, 124, 158,  66, 126,  55,
          77,  24,  28,  22, 111,   8,  82, 144,  71,  86,  14,  81,  52,
           4, 174, 161, 130,  11, 163, 165,  37,  42, 151,  47,  26,  80,
          17, 149, 169,  25, 121,  93,  46,  63,  44, 100,  51,  50,  27,
         110,  79, 128,  85, 115, 104,  23, 143,  45,   2, 168,  39,  56,
          12,  48,  58, 162, 160, 172,  15,  92,  65,  69, 107,  20,  70,
          97,  94, 153, 154, 142,  34, 145, 122,   5,   1,  88, 155, 148,
         102,  83, 109, 129,  38,  60,  68,  78,  99,  61,  64,  31,   3,
         112, 134,  16,  19,  62,   7,   0, 157,  35, 156, 140, 106,  53,
         101, 133,  91, 132,  32, 164,  36,  49,  73,  90, 166, 150, 103,
          96]),
  array([ 75,  72,  18, 118, 114,  87,  74,  57, 105, 138,   9, 113, 108,
         136, 123,  84, 173,  54, 147,  30, 141,  67,  89,  76,  43, 125,
          41, 127, 116,  33, 119,  95,  29, 159, 117, 139,  59, 146, 137,
           6, 120,  98, 152,  13])),
 (array([109, 155,  98,  50, 115, 135, 110,  83,  76,  97,  96, 164, 168,
           8,  90, 132,  69,  65,  71,  11,  86,  15,   7,  75, 119, 138,
          20,  18, 139,  77,   1, 154, 100,  52, 114,  70,  41,  88,  32,
         166,  73,  78,  74, 174,  82,   6, 108,  37, 145, 126, 160,  67,
          56,  89,  39,  40, 151, 157,   9,  72, 120, 103, 116,  57,  95,
         123, 144, 134,  43,  84,  24,  63,  12, 169, 146,  46, 106, 140,
           5,  23, 117,  91, 152,  61,  80, 149,  92,  53,  30,  27, 101,
          14,  62,  55, 124,  59,  68, 136,  19, 172,  10,  85, 133,  22,
          25,   3, 148, 107, 161,  21,  38,  47,  58, 125,  94,  42, 137,
         167, 111, 122, 142, 121,  64, 128, 131,  17,  54, 163,  36, 173,
          79]),
  array([ 13,  51, 105, 159, 156, 118,  44,  66,  33, 129,  93, 141, 170,
          87, 153, 147, 162,   0,  26, 102,  60,  28,  99, 158,  29, 113,
          48,  49, 130, 150,  81, 165, 171,  35,   4,  45, 112, 127,  31,
          16, 143, 104,  34,   2])),
 (array([ 36,   4, 135, 171, 110,  49,  84,  32, 121, 173, 112,  59,  25,
         131,   1,  48, 155,  85,  81,  86,  76,  41,  64, 132,  46, 146,
          11,   8, 138,  30,  94,  58,  77, 108, 148,  24,  62, 120, 117,
          26,  17,  10, 126,  42,  97,  60, 169,  71, 101, 160, 130,  47,
          88,  80, 172,  44, 170, 150,  18, 129, 140, 144, 174,  16,  14,
          56, 106,  52, 109,   6,  13,  57,  21,  37, 136, 165, 137, 151,
          99,  75,  35, 115,  92, 103,  39, 128, 139,  61, 142,  70,  78,
          50,  63,  90, 119,  66,  87, 163,  45,  22, 123,  12, 153,  23,
         145,  74,  54,  40,  93, 158,  67, 116,  65,   0, 166, 168, 134,
          89, 162,  31,   9, 167, 159, 107, 133,  68, 111,  51, 147, 104,
          91]),
  array([  2, 105,   3, 156, 125,  38,  73,  82,  53,  83, 161,  15, 102,
          79,  33, 143, 141,  29,  27, 100,  34,   5,  96, 152,  43, 124,
         122,   7,  69, 157,  20,  55, 154, 114,  28, 149,  19,  72, 118,
         127, 164, 113,  98,  95])),
 (array([ 70, 135,  66, 134,  35, 171,   1, 158, 114,  47, 136, 102,  63,
          90, 101, 123,  32,  98,  20, 106, 154,  15, 109,  89, 129,  26,
         122,  85,  94, 174, 104, 120,   4,  69,  81, 100,   3, 132, 118,
          93, 138,  40,  54, 157,  87, 141, 159, 152,  71,  17,  41,   9,
         145, 108,  96,  48, 137, 150,  38,  34,  44, 140, 173, 151, 103,
          33,  29, 115,  22,  59, 163, 160, 161,   2,  76, 149,  52, 128,
          10,  68, 148,  11,   6,  84,  55,  72,  62,  67,  51, 142,  65,
          83, 166, 112, 130,   5, 111,  14, 105, 167, 124,  61,  88, 146,
          30,  45,  43,   7, 116,  78,  74, 153, 117,  92, 113,  53,  23,
          91,  77,  80, 143,  31, 126, 170, 144, 172,  24, 155,  46,  57,
          50]),
  array([ 64,  27, 119,  73,  75, 162,  97,  86,  16,  37, 127, 139,  25,
         169,   8,  79,  95,  42,  82, 168, 121,  13, 131,  56, 156,  49,
         107,  39,  21,  12, 164,  58,  19, 125, 147, 165,  99,  28, 110,
          36,   0,  18, 133,  60])),
 (array([169, 122,  59, 102, 111, 168,  30,   3,   6, 158,  72,  19,  25,
          58, 140,  57, 116,  86,  91, 150, 161,  38,  67,  69,  60,  24,
          52, 156,  75, 115,  54,   4, 114,  98, 109, 137,  87,  93,  29,
          22,  89,  46,   5,   9, 153,  27,  68,  88,  71, 160,  92,  95,
          23, 159,  36,  44, 124,  10,  17, 165, 120, 123,  76,  56, 104,
          83, 135,  40,  63,  73,  50,  13, 133,  94, 106, 139, 110,  62,
          43,   1, 125,   0, 146, 100,  49, 151, 147, 132,  99,  74, 145,
         126,  31,  33,  65,  53,  66,   8, 167,  61, 171,  15, 154,  45,
          78, 127,  90,  14, 141,  55,   2,  80, 108, 107, 143, 118, 164,
         113, 173, 129,  16,  79, 142, 163,  51, 112, 128,  48,  11, 131,
         166]),
  array([162, 119,  12,  26, 136,  18,  84, 144,  42, 130,  41, 152, 138,
         117, 157,  77,  96,  97,  21,  20, 134,  70,  32, 103,  34, 155,
         121, 170,  28,  81,  39, 172,  35, 148,  85,  64, 174, 105, 149,
         101,  82,  47,   7,  37]))]