[(array([  5,  57, 126,  20,  53, 115, 109,  36, 141,  44, 128,  71,  33,
          24, 116,  86, 102,  87, 123,   9,  72,  22, 129,  55,  90,  35,
          56, 127,  26,  63,  85,  99,  13,  38, 119,  30, 113,   7,  46,
          84,  68, 151,  14,  76,  42,  78, 124, 110,  32, 138,  25,  37,
         147,  19, 137, 122,  74, 130,  77, 145,  39,  62,  52,  28,   4,
           2, 120,  50,  54,  75, 104,  67,  27, 148,   1,  88,  98,  83,
         118, 103, 146,  45,  23, 136,  34, 125,  58,  40, 121,  12, 135,
          66,  59,  48,  47,  16, 101,  79,   8,  49, 111, 150,   6,  64,
         142,  11,  10,  73, 108, 132,  43,  93, 107,  60]),
  array([ 70, 149,  82, 134,  31, 105,  65, 131,  97,  61,  94, 112,  80,
         140,  21, 100,  96,   3,  29, 106,  17,   0,  81,  92,  15, 117,
         144,  69, 139, 143,  51,  41,  91, 114,  18, 133,  95,  89])),
 (array([ 53,  17, 124, 111, 107,  50,  47, 151, 125,   6, 140,  13, 137,
          29, 143,  81, 115,  12, 121,  67, 106,  60,  57, 145,  23,  10,
          18,  26,  21,  62, 110,  58, 116,  91,   4,  97,  69, 133,  33,
         103,  61,  89, 113, 109,  95,  25,  70, 123,  28,  65,  41, 100,
         138,  27,  63,  31,  64,  79, 118,  37, 141, 139,  85,  94, 104,
           9, 128,  74,  76, 149,  15,   2,  42, 150,  20,   5, 114,  45,
         112, 119,  19,  78, 120,  88, 122,  75,  51,  98,  56,  49,  34,
         127,  96, 144,  43,  38,  72,  93,   8, 105,  35,   1,   3, 147,
         142,  54,  80, 136,  87, 132,  30,  90,  39,  73]),
  array([ 77,  71,  46, 108,  16,  24,  40,  59,  92, 131, 148,  99, 134,
           7, 129, 117,  22,  32,  83,  44,  66, 146,  68, 135, 101,  55,
          86,  84,  14,  48,  82, 130, 102,  52,   0, 126,  36,  11])),
 (array([128, 116, 118, 144, 113,  84, 139, 138, 140, 108, 134,  86, 115,
          17,  31,   4, 123,  16, 133,  13,  50,  23,  68, 149,  79,   5,
         148, 142,  40,   1, 145,  19,  78,  37,  53,  95,  28,  63,   9,
          73,  90, 101,  89, 130,  96, 131, 124,  61,  42,  60,  66,  77,
         102,  64,  58,  35,  39, 147,  59,  26,  49,   8, 112, 151,  25,
          80, 106, 125, 127,  15,  22, 104,  93,  55,  34, 105,  27,  24,
         136,  44,  75,  69,  62, 110, 117,  52,  67,  85,  20,  76,  82,
         100, 107, 109,  32,  91,  12,  30, 129,  43, 141,  71, 132, 146,
          21,  51,  29,  65,  18,  10,  87,  83,  47,  38]),
  array([121,  33,  36,  98,  74,   7,  81,  88,  94,  70,  97,  41,  54,
          72,   0, 119,   6,  99,  92,  45,  48, 126,  11, 103, 120,  14,
           2, 143,  46, 122,   3,  57, 111, 135,  56, 114, 150, 137])),
 (array([137,  43, 123,   0,  36,  30,  85,  50, 125, 111,  23,  52,  12,
         150,  94, 113, 109, 103,  82,  28,  10,  77,  15,  57,  88, 133,
         144,  53,  93,  49,  90,  33,  58,   8,  32,  95,  24,   2,  41,
         105,  63,  16,  34,  86, 106, 121,  96,  76,  87,  31,  78,  71,
         140,  45,  89,  66,  38, 122, 110,  73,  92,  29, 147,  51, 100,
          17,  65,  55,  21, 114, 115, 151,  46, 146,  44,  18,  79,  60,
         102,   4, 141, 134,  64, 131,  27, 148,  67,  80,  20, 116, 135,
          39,  14, 145,  75, 129,  98, 124, 104,  81,  37, 142, 112, 108,
          22, 139,   1,   3, 127,  35,  13,  25, 128,  84]),
  array([ 19, 149,  11, 138,  47,  62, 143,  59,   5,  83,  97, 101,  54,
          56,  99, 107,   7,  61,  74,   6,  68, 126, 136,  48,  40, 120,
          42, 117,  91,  69, 130, 119,  70,   9,  26,  72, 132, 118])),
 (array([132,  60,  15, 110,  54, 144, 143,  79,   3,  62, 148, 106,  10,
         150,  61,  32,  70, 142,  38, 126,  26,   7,  50,  24,  11, 135,
           8,  76,  41, 128, 145,  46,  90,  73, 102,  85,   4,  83,   1,
          42,  40,  21,  16, 137,  43,  99,  34,  18,  28,  74, 120,  36,
          96,  31,  97,  44, 119, 138,  92,  12,  77,  27, 112,  93,  49,
          57,  66,  23,   9,  22,  71, 147,  95,  48,  89,  47,  98, 105,
          81,  78, 127,   6,  65,  13,  20, 100,  91, 134, 108, 149, 122,
          19,   2,  67, 114, 115, 118,  94,  75, 109,  33, 140, 136,  29,
         151,  59,  68,  39,  51,  87, 131, 107, 141, 104]),
  array([ 45, 121,  64, 146,  53,   0, 133,  14,  56,  86,   5,  37,  72,
          58,  69,  30,  25, 113, 116,  55,  82, 129,  84,  80, 123,  17,
         130,  35, 139, 117,  88, 124,  63, 103, 101, 125,  52, 111])),
 (array([ 50,  97,  47,  71,  12, 131, 100, 106,   2,  53,  88,  51,  62,
         116,  74, 138, 101,  52,   5, 119,  41, 129, 133, 107,  92, 149,
         139,  63,  95, 105,  23,  29,  68,  24,  35,  67,  82, 109,  44,
         121,  38,  34, 117,  49,  21, 135,  78,  48, 124,  93,   1,  39,
          13, 144, 136, 108,   4,  14,   3, 103, 115,  30,  36,  90,  94,
          37,  73,  54,  25,  55,  26,   0, 143,  31,  27,  61,   7,  42,
         102, 151, 140, 145,  45,  75, 130, 142, 137,  79,  20, 111,  28,
         127,  60,  15,  64,  56,  19,  76,  18,   8, 104, 110, 126,  81,
          46, 120,  58, 118,  77, 150,  86,  99,  80, 146]),
  array([148, 141,  85,   6,  22, 128,  17,  11,  40, 112,  72,  66, 113,
          70,  84,  83,  16,  87,  98,  10,  91,  89, 147,  65, 125, 134,
         132,  57,  59,  96, 123, 122,  69,  33,   9,  43,  32, 114])),
 (array([112, 142,  48,  63, 133,  35,   3,  91, 114, 106,  29, 140,  47,
          37,  30, 117,  56,  54,   4,  65,  71, 122,  74, 121,  67, 102,
           8, 150, 108,  49,  24,  76, 129,  61,  14,  42, 115,  50, 126,
          64,  45,  59,   7, 144,  41, 141,  20, 107,  92,  52,  84,  26,
          53,  43,  46, 137,  72,  38,  99,  51,  93, 128,  82,   2,  83,
          11,  28,  86,  94,  73, 135, 145,  44,  85,  98,  81, 103,  33,
         111, 100,   6,  16,  17, 127, 148,   9, 110,  62,  88,  23,  31,
           0, 104,  89,  68,  96,  60,  90, 130,  39,  34, 105, 123,  15,
         119,  95, 116,  13, 136, 149,  25,  36,  21, 139]),
  array([ 12, 134,  97,  79, 147, 120,  87, 118,  40,  77,  69,  18,  22,
           1, 138,  80, 113,  70,  10,   5, 125, 146,  32,  27,  58,  66,
         131,  78,  55,  75, 132,  57, 151, 101, 143,  19, 109, 124])),
 (array([101, 125,  54, 136,  95, 149,  40,  19, 130,  50,  30, 119,  20,
          63, 105,  55,  65,  23,  91,  83,  28, 132,  81,  29,  74, 133,
          45, 114,   8,  98, 102,  21,  62, 111, 139,   7,  32,  64,  70,
         118, 138,   3,  38,  93,  26, 131,  16,  72,  53,  61, 122, 141,
         124, 128,  57, 112, 126, 110,   2,  18,  49,   0,   1, 127, 100,
          14,  58,  66, 145, 108, 103, 123,  52,  15,  17, 148,  73,  69,
           4,  86,  75,  13,  87, 129, 116,  88,  79,  42,  85, 134,  44,
          27,  67,  76, 106,  97,  51,  10, 121, 109, 117, 140,  99, 146,
           5, 151,  22, 144,  31,  36,  60,  82,  34,  71]),
  array([ 24,  89, 104,  47, 120,  96,  68,  41, 107,  90,  80,   9,  78,
          33, 137,  43,  25,  56,  59,  12, 115,  92, 147, 142, 135,  35,
           6, 150,  48, 143,  37,  11,  39,  94,  46,  84,  77, 113])),
 (array([  2, 132, 129,  26,  14, 108,  10, 140,  15,  30,  25,  63,  34,
         150, 130,  64, 148,  93,   4,  70,  55,   9,  17,  18,  97, 126,
          23,  74,  88, 137,  52,  45, 128, 114,  20,  28,  85,  86,  89,
          84, 117,  56,  36,  22, 135,  71,   5,  75,  81,  39,  61,  87,
         111,  79, 131,  21, 147,  46, 143,  42,  73, 113, 102, 149,  53,
          43, 142,  35,  12,  96,  66, 115,  11,   7,  68,  69,  92,  24,
         104,  50,  27,  41,  29, 122, 151,  40, 127,  19, 100, 121,  72,
         134,  32,  90,  67,  16,  13, 144,  83,   1,  98, 107,   0, 119,
          48,  62,   6,  44, 139, 118,  54,  91,  37,  58]),
  array([ 59,  95, 125,  65, 106,  99,  57,  80,  38,  51,  78, 145, 105,
         120,  60, 124, 112,  94, 146,   8, 116, 138,  33, 133, 101,   3,
         123,  49,  77,  76, 136,  47, 109, 110,  82, 103,  31, 141])),
 (array([ 77,  94,  46,  96, 113,  84, 137, 109,  27,   8, 134,  92,  59,
         123,  99,  41,  82, 121, 105, 106, 138,  67,  89,  24, 130,  25,
          52, 132, 142,  12,  40,  66,  26,  80,  32, 112, 143, 146, 144,
         118, 131,  47,  16,  61, 150, 108,  13,  45,  70,  37,   0, 104,
          95,  49,  29, 136,  28,  85,  78,   1,  36, 141,  42,  31,  51,
          22, 139,  60, 107, 149,  88,  43,  33,  56, 125,  90, 115,  34,
         114, 147,  18,  54, 124, 117,  30,  21,   9,  15,  75, 129,  14,
         133, 126,  91, 148,  87,  93,  76,   7,  72, 140,  19,  53, 119,
         151, 120, 135,  50, 128, 111,  35,  23,   6,  71]),
  array([110,  57,  58,  68, 100,  48,  20,   3,  63, 101,  17, 145,  74,
          11,  55,  73,   2,  98, 127,  79,   4,  65, 103, 122,  44,  39,
          62, 116,  64, 102,   5,  69,  83,  97,  38,  86,  81,  10]))]