[(array([840, 285, 553, 515, 382, 816, 186, 304, 231, 416, 554, 835, 339,
         723, 320,  22, 480, 367,  58, 220, 646, 228, 354, 295, 516, 338,
         750, 637, 413,  11, 724, 832, 647, 512, 140, 202, 748, 250, 280,
         136, 194,  69, 482, 508, 457, 694, 613, 778, 678, 424, 625, 203,
         333, 536, 278,  45, 153, 463, 142, 234,  38, 454,  19, 177, 623,
          21, 260, 276, 164, 272, 395, 218, 675, 183, 497, 698, 686, 586,
         606,  88, 378,  67, 248, 432, 505, 205, 648, 334, 154, 539, 638,
         403, 569, 385, 351, 318, 133, 319, 101,   6,  34, 635, 737, 128,
         537, 255, 346, 838, 206, 365, 568, 108, 659, 626, 770, 156, 443,
         122, 692, 414,  32, 611, 396, 345, 392, 751, 258, 158, 788, 426,
          29, 801, 708, 427, 456, 530,  84, 342, 794, 810, 543, 380, 557,
          28, 766, 185, 236, 548, 495, 322, 254, 628, 731, 240, 473, 282,
         409, 764, 544, 713, 782,  51,  93, 594, 509, 487, 302,  98, 552,
         100, 726, 740, 217, 121,  40, 300,  25, 743, 582, 567, 494, 829,
         564, 547, 279, 105, 225, 284, 828, 579, 249, 222,  31, 615, 253,
          48, 670, 711, 555, 576, 446,  90,  89, 730, 493, 578,  35, 570,
         430, 437, 715, 608, 199, 398, 696, 839, 410, 596,  77, 433, 212,
         152, 786, 406,  39, 545,  33, 619, 214, 157, 808, 735, 691, 127,
         251, 707, 412, 420, 434, 277, 814, 418, 479,  42, 263, 674,  97,
          62, 188, 836, 658, 710, 402, 689, 458, 442, 765,  56, 296, 591,
         550, 768, 170, 709, 577,  73, 130, 134, 521, 340, 261, 679,  54,
         699,  71, 287, 110, 612, 806, 561, 823, 311, 498, 556, 244, 481,
         549, 475, 565, 148, 324,  75, 439, 114, 450, 604, 741, 281, 590,
         790, 469, 667, 374, 366, 135, 706, 264, 299, 824, 286, 269, 394,
         693, 772, 303,   9, 139, 507, 820, 587, 112, 172, 514, 252, 363,
         490, 732, 349, 609, 580, 208, 797,  87, 162, 744, 466, 476, 525,
         417,  12, 492, 468, 123, 478, 391, 771, 520, 759, 633, 289, 313,
          94, 617, 756,  16, 312, 773, 224, 257, 631,  53, 386, 486, 558,
         459, 534, 595,  80,  57,  26, 179, 159, 407, 703,  76, 435, 668,
         223, 632, 216, 350, 819, 837, 238, 682, 274, 664, 644, 137, 195,
         661, 305, 747, 601,  96, 329, 688, 800, 584, 777, 190, 842, 328,
         629, 169, 174, 440, 531, 419, 462, 359, 655, 192, 447, 397,  18,
         201, 445,  55, 176, 791, 798, 787, 809, 400, 621, 129, 143, 102,
         784, 103, 309, 716,  10, 504, 111, 700, 370,   7, 371, 444, 308,
         221,  49,  64, 754, 273, 352, 347, 227, 572, 831, 652, 684, 404,
          24, 230, 326, 210, 616,  68,  95, 357, 104, 415, 560, 184, 775,
         294, 109, 219, 502, 180, 175,  37, 460, 323, 271, 807, 506, 500,
         588, 815, 372, 745, 666, 387, 163, 484, 527, 376, 166, 517, 702,
         642, 677,  86, 124, 779, 325, 353, 178, 147, 685, 738, 215,   1,
         640, 563, 266, 399, 381, 562, 461,  83, 298, 207, 165, 551,   2,
          17,   3, 118,  79,   4, 701, 717, 247, 485, 653, 408,  44, 805,
         718, 783, 167, 499,  72,  91, 297, 529, 575, 833, 388, 401, 428,
         259, 422, 680, 683, 477, 449, 650, 368, 719, 665, 301, 465, 464,
         421, 150,  63, 362, 662,  27, 776, 242, 337, 510, 120,  20, 639,
         270, 113, 573, 607, 198, 622, 769, 314, 542, 138, 599, 630, 348,
         268, 720, 429, 317, 196, 762, 168, 438, 597, 585, 695, 811, 734,
         843, 600, 267, 593, 377, 126, 755, 526, 474, 533, 803, 574, 789,
         331, 343,  46, 200,  47, 697, 589,  70, 704, 341, 722, 191, 213,
         792,  85, 375, 182, 204, 804, 344, 483,  30]),
  array([538, 802, 453, 245, 649,  43, 795, 641, 425, 523, 470,  99, 681,
         583, 383, 546, 753, 781, 618, 211, 330, 541, 821, 116, 160, 503,
         393, 151, 197, 229, 241, 390, 291, 725, 760, 237, 356,  50, 733,
         144, 627, 673, 316, 132, 275,  14, 742, 672, 315,  61, 431, 780,
          13, 785, 467, 669,  92,  41, 373, 288, 687, 145, 736,  66, 360,
         488, 292, 535, 262, 501, 660, 636, 793, 115, 233,  15, 384, 171,
           5, 491,   0, 423, 441,  82, 364, 767, 471, 610, 729, 243, 540,
         239,  23, 705, 306, 307, 571, 522,  60,  36, 624, 657, 511, 598,
         634, 141, 235, 187, 452, 602,  74, 614, 265,  78, 524, 209,   8,
         389, 232, 173, 496, 489, 645, 355, 581, 451, 193, 149, 246, 519,
         651, 411, 812, 189, 181, 813, 379, 834, 746, 817, 739, 752, 106,
         761, 728, 566, 117, 799, 763, 155, 592, 671, 676, 226, 714, 749,
         830, 336, 654,  81, 712, 293, 643, 369, 119, 826, 161, 603, 448,
         332, 690, 107, 727, 605, 455, 796, 663, 125, 532, 358, 335, 290,
         321, 721, 822, 825, 513, 758, 518, 818,  59, 559, 528, 436, 310,
         405, 256,  52, 361, 656, 283, 841, 146, 774,  65, 620, 327, 757,
         472, 827, 131])),
 (array([488, 213, 705, 768, 471, 316, 183, 500, 651, 187, 608,  18, 221,
         663, 579, 833, 284, 556,  71, 239, 291, 601, 160, 359, 551, 133,
         387, 633, 129, 238, 644, 172, 517, 425, 638, 661, 625, 771,   8,
         831, 796, 392, 440, 225, 583, 646, 441,  45, 310, 421, 490, 637,
         400, 405, 423, 650, 808,  98, 647, 121, 402, 106, 727, 526, 350,
         739, 538, 218, 524, 192, 641,  99, 338, 597, 532, 114, 699, 688,
         618,  38, 811, 174, 269, 371, 542, 632,  80,  39, 554, 533, 580,
         452, 184, 696, 670, 713, 435, 256, 779,  82, 508, 275, 179, 401,
         555, 360, 180, 119, 437, 289, 314, 377, 349, 155, 756,  24, 738,
         307, 135, 201, 791, 356, 118, 721, 710,  23, 511, 801,  11, 288,
         366, 740,  33, 407, 561, 745, 593, 506, 389, 241, 455, 247, 469,
         732, 587, 814,  37, 703, 372, 362, 662, 326, 584, 442, 163, 752,
         702, 588, 165, 575, 838, 126, 397, 197, 162, 454, 654, 830, 394,
         427, 795,  40,  97, 772, 769, 765, 262, 412, 671, 557, 657, 746,
         736, 775, 787, 465, 259, 737, 208, 630, 334, 766, 120, 408, 750,
          52, 290, 755, 367, 516, 684, 199, 144, 497, 652, 603, 333, 323,
         274, 466, 610, 467, 640, 325, 346, 780, 177, 322, 227, 196, 627,
         124, 191, 254, 384, 810, 609, 824, 169, 339, 142, 473, 464, 428,
         783, 125, 430,  47, 396, 674, 369, 535, 376, 406,  79, 315, 565,
         649, 329, 636, 798, 778, 205, 244, 709, 131,  41, 537, 341, 220,
         115, 364, 815, 711, 781, 432, 536, 167,   1, 470,  29, 520, 594,
         444,  59, 598, 418, 451, 266, 496, 229,  81, 667,  60, 527, 448,
         581, 669, 102, 541, 823, 816, 562, 413, 489, 744, 827, 272, 104,
         357, 100, 268, 559,  70, 800,  51,  94, 626, 154, 763, 235, 211,
         498, 653, 504, 595, 576, 804, 568, 327, 111,  74,  16, 439, 294,
         150, 695, 624, 215, 691, 656, 198, 422, 304, 429, 209, 767,  72,
         730, 166, 344, 301, 604,  58,  61,  63, 300,  77, 173, 409, 449,
         398, 170, 678,  56,  46, 548, 505, 292,  22, 103, 760, 330, 231,
          43, 685, 677, 757, 664, 660, 534, 434, 117,  90, 619, 200, 805,
         232, 472, 803, 614, 280, 733,  76,  27, 502, 468, 250, 682, 460,
         249, 743,  15,  86, 352, 260, 123, 530, 332, 484, 717, 501,  75,
         388, 381, 723, 391, 182, 230, 817, 829, 673, 478,  87, 519, 784,
         552, 186, 507, 731, 363, 694, 159, 214, 509, 446, 493, 558, 101,
         549, 206, 681, 273, 433, 698, 189, 789, 809, 158, 146, 302, 265,
         615, 679, 287, 193, 139,   6, 207, 761, 655, 264, 589, 799, 252,
         631, 672, 788, 666, 513, 195, 404, 762, 175, 234, 185, 734, 621,
         822, 521,  49, 599, 411, 482, 414, 237,  44, 564, 544, 842, 168,
          17, 348, 216, 560, 271,  26, 385, 424, 436, 728,  20,  95,  67,
          42, 308, 453, 477, 792, 147, 278, 463,  89, 715, 368, 573, 574,
          62, 283, 758, 828, 659,   0, 643, 543, 151, 835, 188, 140, 335,
          66, 591, 382, 164, 419, 253, 512, 130, 152, 462, 438, 629,  64,
          88, 832, 305, 110, 324, 242, 383, 417, 243, 600, 373, 742, 797,
         590, 210, 726, 540, 113, 802, 613, 226, 318, 261, 447, 353,  84,
         754, 445, 499, 194, 459,  65, 379,  78, 480, 270, 416,  55, 514,
         782, 714, 692, 770, 351, 309,  83, 228,  91, 415, 217,   5, 547,
         171, 443, 529,  53, 793, 354, 725, 476, 522, 639, 475,  13, 395,
         319, 190, 492, 370, 813, 337, 749, 303, 525, 837,  54, 819, 420,
         518, 616, 706, 648, 841, 665, 365, 821, 258, 295,  32, 224, 605,
         741, 355, 474, 486, 450, 285,  30,  31, 812]),
  array([306, 375, 622, 112, 461, 223,   9, 145, 753, 143, 378, 628, 686,
         689, 550, 582,  34, 697, 105, 128, 623, 701, 312, 340, 161, 286,
         116, 148, 331,  14,  57, 138, 328, 528, 577, 747, 481, 257, 153,
         724,  96, 320,  85,  35, 840, 485, 503, 708, 141, 342,  50, 122,
         818, 222, 156, 553, 839, 683, 202,  21, 611, 693, 836, 137, 479,
         263, 510, 645, 393, 386, 571, 248, 834,  12, 607, 585, 523, 642,
         495, 132, 785, 317, 380, 687, 281, 134, 735, 790, 777, 246, 531,
         680, 596, 178, 343, 212, 751, 358, 456, 298, 236, 776, 635, 491,
         276, 719,   4, 704, 181, 390, 786, 399, 483, 807, 658,   2, 297,
          25, 806, 136, 774, 345, 825, 720, 255, 545,  68, 299, 282, 361,
         458, 718, 203, 569, 457,  48,  93, 676, 675, 321, 487, 515, 729,
         176, 296, 336, 567, 566, 563, 820, 374, 127,  73, 233, 109,  10,
         539, 617,   3, 279, 586, 634,  69, 722, 546, 668, 716, 157, 293,
         620, 403, 606, 690, 219, 712, 108,  28, 426,  19, 267, 572, 748,
         431, 707, 107, 612, 204, 240, 773, 277, 700, 347, 764, 759, 570,
          92, 245, 578, 494, 313, 311, 602, 149, 251,  36, 592, 410, 843,
           7, 826, 794])),
 (array([572, 236,  93, 413, 829, 811, 510, 657, 359, 473, 639, 774, 698,
         634, 623, 788, 424, 507, 336, 313, 523, 257, 779, 542, 476, 103,
         612, 315, 567, 326, 681, 826,  33, 130,  16, 518, 378, 503, 272,
         311,  39,  73, 188, 738, 165, 388, 778, 328, 687, 481, 637, 123,
         399, 592, 575, 804, 734, 152, 443, 660,  46, 625, 341, 363,  88,
          69, 276, 194, 433, 520, 172, 445, 646, 232, 704, 442, 366, 274,
         808, 664, 722, 206, 586,  29, 156, 321, 706, 538, 764, 203, 732,
         273, 563, 471, 180, 786, 239, 450, 333,  49, 249, 414, 513, 723,
         441, 417, 418, 282, 275, 550, 694,   4, 284, 840, 285, 604, 237,
         763, 736, 149, 668,  85, 585, 608, 761,  71, 558, 777, 776, 171,
         283, 245, 569, 498, 355, 233, 415, 193,  99, 807, 556, 739, 593,
         709,  52, 113,  10, 620,  66, 379, 231, 429,  98, 212, 385, 345,
         184,   2, 266, 216, 755, 611, 294, 133, 460, 827,  86, 168,  91,
         633, 260, 781, 526, 125, 279, 354,  11,  43,  21, 841, 740, 375,
         805, 676, 291, 824, 772,   7, 748, 579, 480,   6, 712, 310,  51,
         771, 207, 598, 843, 516, 126, 140,  23, 227, 344, 552,  77, 267,
         392, 329, 382,  47, 616, 199, 525, 615, 421, 296, 543, 196, 787,
         393, 145,  50, 591, 250,  37, 524, 163,  18, 693, 139, 578,  75,
         818, 394, 484, 834, 449, 334, 198, 638, 816, 277, 641, 684, 304,
         142, 745, 714, 683, 750, 420, 241, 325, 688, 167, 710, 839, 682,
         469, 428, 209, 758,  84, 549, 322, 185, 119, 101, 252, 269, 360,
          31, 478, 261, 220, 729, 242, 825, 151, 398, 573, 485, 724,  68,
          35, 622, 176, 391,  58, 368, 351, 813, 494, 369, 187, 596,  25,
         792, 730, 564, 226,  90, 432,  34, 466, 361, 298,  12, 374, 181,
         553, 178, 202, 703, 823, 396, 234, 483, 624, 319, 381, 387,  14,
         376, 691, 702,   0, 508, 489, 210, 602, 535, 425, 673, 118, 835,
         386, 408, 522, 475, 571,  48, 467, 539, 159, 128, 427, 766, 605,
         372, 247, 696, 780, 174, 555, 672, 663, 201,  26, 477, 111, 395,
         400, 561,  17, 465, 157, 689, 577, 307, 806, 300, 770, 342, 737,
         323, 810, 541, 340, 105, 402, 204, 599,  78, 677, 751, 412, 671,
          89,   1, 667, 531, 581,   9, 288, 389, 802, 727, 665, 809, 197,
         721, 224,  36,  82, 270, 757, 632, 218, 147, 658,  40, 587,  94,
         144, 651, 150, 715, 213, 725, 422, 452, 289, 462, 170, 217, 265,
         606, 169, 447, 674, 819, 192, 610, 143,  22, 129, 271, 104, 337,
         791, 136, 731, 695, 797, 647, 765, 102, 107, 114, 517, 348, 708,
          70,  79, 439, 582,  24, 775, 240, 793, 122, 486, 728, 548,  74,
         768, 312, 528, 576, 488, 390, 654, 631, 595, 141, 384, 501, 195,
          38, 630, 645, 515, 458, 545, 230, 228, 127, 502, 500, 701, 434,
         650, 175, 742, 828, 785, 205, 642, 470, 733, 305, 618, 760, 364,
         463, 331, 474, 116, 278, 100, 678,  76, 317, 617,  81, 148, 158,
          80, 743, 406, 110, 746, 697, 358,   5,  60, 832, 537, 814, 767,
         759, 700, 401, 437, 268, 597, 327, 495, 627, 798, 716, 749, 487,
         833, 580, 255, 357,  32,  19, 120, 821, 200, 511, 451, 338, 154,
         773, 411, 754, 464, 719, 506, 349, 472, 652, 655, 713,  41, 431,
         225, 286, 490,  45, 640,  95, 609, 822, 744, 453, 435, 720, 836,
         711,  96, 530, 407, 112, 254, 246, 448, 512, 308, 409, 762, 292,
         121, 830,  56, 568, 562, 675, 186, 815,   3, 607, 426,  30, 803,
         132, 253, 179, 299, 747, 589, 438, 479, 794, 662, 533, 416, 243,
         229, 352, 339, 570, 444, 837, 117,  53, 183]),
  array([509, 164, 162, 373, 741,  65, 332, 769, 649, 223, 302, 626, 457,
         621, 134, 380, 436, 753, 540, 137, 330, 244, 529, 492, 182, 628,
         680, 370, 559, 583, 635, 258, 504, 263, 838, 208, 161, 656, 367,
          67, 527, 782, 248, 135, 314, 661,  59, 281, 301, 259, 699,  15,
         783, 146,  57, 190, 636,  20, 554, 166, 173, 796, 718, 347,  92,
          83, 211, 306, 619, 316, 309,  64, 214, 430, 497,  27,  62, 324,
         536, 335,   8, 404,  44, 505, 491, 397,  87, 403, 219, 318, 293,
         482, 499, 831, 303, 551, 643, 784, 685, 756, 280, 670, 215, 648,
         155, 557, 565, 690, 817, 256, 594, 521, 547, 666, 297, 290, 343,
         560, 584, 454, 590, 365, 574, 109, 686,  42, 717, 320, 177, 812,
         189, 419, 842, 692,  55, 789, 459,  61, 356, 264, 795, 262, 124,
         532, 238, 138, 221, 588, 115, 669, 160, 800, 287, 496, 362,  13,
         653, 446, 440, 353, 603, 534, 493, 519, 601, 659, 108, 131, 820,
         468, 461,  54, 790, 644,  97, 600, 455, 546, 679, 153, 629, 410,
         514, 222,  28, 613, 251, 801, 456, 423, 614, 295, 544, 106, 383,
         371, 377, 191, 726, 707, 752,  63, 405, 346, 566, 235, 735, 350,
          72, 799, 705])),
 (array([  2, 551, 697, 676, 438,  22, 235, 204, 823, 658, 628, 370, 146,
         790, 476, 787, 326, 330, 408, 309, 250, 675, 359, 336,  77, 474,
         570, 461, 404, 623, 778, 496, 468, 525, 738, 465, 157, 350, 155,
         215,  75, 380, 737, 798, 589, 587,  59, 509, 540, 582, 771,  83,
         298, 196, 810, 281, 456, 382, 548, 633, 164, 742,  84, 831, 197,
          44, 288, 829, 728, 516, 775,  95, 481, 111,  47, 710, 583, 137,
         457, 692, 377, 667,  92, 129, 835, 726, 163, 304, 809,  14, 604,
         435, 267, 599, 145, 685, 308, 804, 747, 436, 351, 329, 748, 242,
         717, 175, 113, 754, 749, 335, 668, 513, 682, 521, 395, 781, 485,
         311, 158, 149, 179,  20,  41, 603, 762, 501, 307, 520, 486, 837,
          12,  88, 189, 363, 324, 577, 141, 375,  81, 312, 227, 340, 504,
         397,  78, 300,  32, 687, 256, 222, 283, 609, 699, 659,  49, 573,
         649, 780, 684, 349, 356, 528,  19, 414, 407, 767,  79, 150, 678,
         394, 316, 580, 305, 258, 542, 534,  53,  64, 220, 770, 519, 430,
         574, 644, 254, 188, 794, 174, 333, 399, 807, 605, 345, 202, 483,
         772, 779, 821, 545, 166, 454, 257, 439,  63, 630, 246, 638, 460,
         265, 234, 110, 389, 400, 802, 531, 670, 833, 122, 715, 392, 195,
         208, 100, 291, 506, 757, 103, 561,  85, 707,   0, 805, 530, 755,
         209, 148, 286, 409, 251, 165, 376, 584, 546, 338, 489, 487, 679,
         285,  16, 450, 596, 736, 708, 253, 641,  37, 225, 262,  98, 314,
         579, 198, 495, 264,  31, 172, 424, 102, 499, 107, 263, 836, 447,
         223, 352, 422, 229,  39, 168, 131, 698, 533, 664, 471, 510, 826,
         193, 143,  91,  50, 135, 632, 464, 357, 138,  29, 502, 620,  73,
          25, 230, 434, 720, 832, 480, 497,  48, 814, 295, 669, 512, 703,
         544, 689, 539, 791, 690, 332, 362, 358, 618, 144,  67, 296, 613,
         245, 125, 320, 493, 142, 429, 815, 503, 764, 651, 322, 277, 319,
         642, 306, 560, 733, 718, 353, 714, 825, 766, 654,  60, 398,  26,
         387, 706, 743, 839, 212, 744, 694, 343, 711, 334,  72, 671, 339,
         559, 564, 672, 355, 315, 378, 709, 797, 120, 566, 116, 505, 700,
         586, 361, 451, 270, 774, 282, 812, 184, 331, 159, 646, 472, 838,
         126, 455, 622, 425, 500, 811, 221,  87, 205, 494, 318,  99, 241,
         106, 364, 217, 590, 581, 712, 756, 789, 269, 201, 366, 627, 648,
          89,  23, 656, 602,  66, 827, 237, 342, 327, 705, 289, 549, 261,
         467, 508, 119, 785, 278, 169, 665, 636, 118, 383, 617, 735, 115,
         491,  62, 177,  68, 452, 695,  43, 567, 274, 200, 147, 776, 252,
         431, 629, 688,  46, 347, 558, 517, 413, 403, 393, 556, 527, 170,
         626, 423,  74, 153, 154, 132, 462, 655, 292, 739, 151, 647, 841,
          57, 379,  10, 615, 621, 719, 507, 727,  27, 317, 238, 441, 321,
         537, 524, 819, 569, 271, 469, 677, 294, 428,  97, 337, 793, 795,
         105, 384, 192, 448, 514, 415, 194, 696, 344, 410,   4, 391, 639,
         750, 729, 616, 673, 183, 239, 635, 443, 800, 562, 704, 763, 702,
         160, 674, 416,  86,  11, 563, 554,  71, 680,  90, 478, 713, 731,
         445, 211, 784, 541, 444, 233, 385, 432, 411,  33, 433, 745, 585,
         817, 475, 765, 606,  15, 761, 231,  30, 152, 458, 341, 247, 575,
          55, 631, 568, 650, 773,  76, 101, 259, 515, 373, 287, 248, 816,
         446, 725, 171, 824, 437, 426, 104, 591, 187, 594, 571, 228,  61,
         178, 128,  80, 470,   9, 595, 360, 482, 386,  51, 600, 753,  82,
         310, 598, 724, 207, 660, 121, 412, 368, 354, 463, 552, 299, 662,
         419, 279, 637, 535, 453, 260, 732, 371, 523]),
  array([751, 477, 786,  21, 268, 610,  45, 214, 167, 842, 176, 473, 788,
         243, 808, 488,  56, 109, 518, 136, 550, 255, 653, 396,  36, 828,
         818, 232,  18, 390, 840, 538, 740, 543, 114, 185, 803, 272, 216,
         210, 325, 284,  17, 498,  42, 161, 127, 801, 640, 576, 783, 532,
          69, 180, 759,   1, 244, 634, 619, 597,  96, 417,   5, 601, 173,
         484,   8, 734, 181, 406, 139,  28, 249, 191, 293, 479, 522, 643,
         236,  24, 134, 625, 203, 427, 769, 723, 402, 557, 830, 280,  35,
          94, 388, 162, 372, 661, 760, 777, 813, 806, 572, 405, 536, 612,
           6, 768, 683, 607,  65, 190, 133, 182, 466, 624, 301, 302, 112,
         746, 206, 348, 442, 611, 297, 792, 420, 652, 328, 226, 820,  52,
         440, 346, 124, 614, 799, 303, 666, 657,   3, 117, 578, 608, 588,
         276, 365, 693, 369, 323, 663, 593, 199, 782, 374,  34, 421, 686,
         418, 843, 123, 716, 822, 701, 219, 186, 213, 691, 730, 645, 290,
         555, 529,  13, 275, 218, 526, 140, 796, 492, 721, 401,  54, 224,
          70, 752, 449, 381, 367, 565, 313,  40, 722, 553, 490,  58, 758,
         741, 156, 592, 459, 266, 511,   7,  38, 130, 834, 108, 681,  93,
         547, 240, 273])),
 (array([ 48, 521, 784, 716,  75, 560, 317,  21, 618, 467, 497, 749, 117,
          69, 664, 292, 778, 410,  71, 425, 556, 728, 698, 727, 109, 111,
         498, 331, 601,  39, 130, 164, 595, 185, 547, 364, 170, 672, 486,
         836, 615, 273, 352, 272,  56, 757, 219, 839, 580, 263, 440, 258,
         310, 291, 447, 798, 354, 494, 151, 663, 374, 608, 426, 131, 375,
          55, 232, 379, 468, 653, 829, 760, 118, 577, 517, 312, 633,  40,
         551, 694, 388, 400, 297, 399, 773, 733, 370,  30, 805, 322, 257,
         383, 403, 512, 262, 414,  31, 785, 433, 794, 450, 231, 740, 319,
         657, 418, 628, 147, 642, 569,  38, 676, 594, 202,  66, 301, 316,
         573, 530, 346, 571, 660, 818, 156, 381, 482,  88, 192, 776,  89,
         280, 509, 456, 524, 432, 581, 438, 314, 543, 284, 181, 107, 197,
         406,  45, 670, 149, 161, 762, 309, 473, 557, 398, 343, 821, 722,
         480, 177, 789, 299,  17, 216, 707, 627, 363, 409, 622, 575, 443,
          67, 211,  76, 428, 327,  22, 178, 609, 237,  82, 647, 692, 700,
         811, 225, 472, 669, 549, 830, 562, 718, 629, 501, 725, 634, 827,
         799,  53, 281, 833, 420, 445, 804, 205, 306, 813, 221,  41, 340,
         435, 304, 709, 287,  18, 208, 459, 572, 127, 743, 777, 772, 278,
         626, 826, 713, 697, 153, 196, 820, 269, 559, 815, 787, 730, 527,
         135, 587, 602, 142, 123, 621,  59, 173, 754, 366, 832, 840, 822,
         356, 139, 159, 812, 748,   2,  91, 567, 288, 158, 732, 220, 302,
         742, 726, 825, 603, 224, 620, 239, 446,  90, 681, 641, 115,  15,
         591,  25, 167, 636, 193, 717, 531, 568, 114, 295, 148,  29, 544,
          37, 321, 311, 536, 261, 453, 213, 576, 419, 625, 662, 582, 781,
         345, 289, 283, 674, 719, 478, 487, 230, 241, 585, 260, 635, 504,
         518, 465, 337,  54, 143, 132, 119, 236, 279, 252,  63, 386,  52,
         745, 214, 616, 661, 329, 651, 774, 154, 736, 223, 339, 699, 298,
         133, 505, 668, 240, 474, 315, 693,  97, 786, 597, 191, 702, 535,
         155,  57, 667,  96, 168, 673, 834, 182, 843, 655, 558, 550, 172,
         378, 200,  11, 334, 457, 305, 238, 218, 325, 242, 696, 222, 128,
         759, 800, 640, 264, 360, 466, 430, 286, 704, 500, 588, 442, 643,
         495, 431, 766, 563, 824, 735, 122, 104, 429,  73,  34,  70, 293,
         492, 171, 275, 510, 541, 423, 424, 203, 372,  33, 434, 841, 476,
         554, 612, 532, 212, 108, 449, 534, 294, 491, 490, 652, 533,  14,
         276, 233,  60, 380, 548, 145, 790, 382, 338,  24,  65, 542, 723,
         522, 566, 416,  80, 427, 689, 706,  81, 665, 282, 631, 323, 605,
          28, 526, 134, 503, 389, 592, 206, 638, 779, 166,  58, 394, 552,
         296, 842, 129, 488,  92, 141, 210, 791, 806, 157, 546, 342, 174,
         690,  94, 502, 686, 586, 555, 775,  47, 267, 731, 300, 274, 361,
          46, 270, 422, 630,   4, 644, 712, 508, 412, 471, 244, 525, 483,
         680, 392, 493, 454, 649,   6, 528, 163, 611,  99, 448, 683, 523,
         792, 421, 265, 753, 763,  61, 793, 828, 816, 209, 553, 632, 724,
         397, 738, 711, 227,  35, 387, 606, 796, 204, 451,  74, 678, 259,
         688, 268, 199, 484,   5, 679, 413, 639, 808, 183, 376,   7, 613,
         324, 507, 215, 599, 819, 658,  83, 125, 666, 823,  98, 350, 714,
         395, 780, 254, 682, 801, 705, 110, 246,  36, 537, 574, 769, 485,
         463, 247, 344, 195, 341, 359, 348,  42, 746, 320, 460, 529, 765,
         369, 752, 266, 357,  85, 671, 737,   8, 470, 589, 184, 750,  19,
         367, 162, 590, 368, 838, 439, 807, 229, 126, 160,  27, 645, 175,
          77, 650, 619, 481, 610, 677, 136,  23, 756]),
  array([583, 102, 333,  68, 809, 303, 407, 561, 659, 326, 271, 570, 654,
         578,  26, 741, 624, 720, 137, 761, 835, 715, 169, 744, 797, 788,
         180, 837, 347, 802, 614, 150, 687, 138, 477, 336, 146, 377, 152,
         349, 506, 469, 228, 540, 415, 250, 755, 604, 539, 814, 464, 684,
          64,  50, 455, 393, 441, 253,  51, 106, 475, 121, 330, 593, 318,
         515, 328,  86, 245, 198, 396, 234, 101, 165, 444, 764,  49, 579,
           3, 405, 701, 417, 685,  16, 408, 770, 437, 308,  12, 390, 235,
         105,  13,  78, 277, 729, 600, 710,   0, 385, 290, 404, 795, 831,
         646, 201, 402, 124, 243, 384, 307, 194, 179, 607, 401, 703,  10,
         721,  32, 623, 564, 436, 190, 545, 708, 751, 747, 479,  44, 255,
         391, 207, 176, 351, 513,  87, 249, 353, 489, 144, 817, 113, 496,
         140, 251, 584, 637,  84,  93, 120, 187, 358, 313, 511, 373, 768,
         100, 648, 335, 462,  79, 803, 355, 256, 695,  20, 516, 248, 226,
         675, 217,  72,  95, 565, 520, 617, 499, 332, 186,   9, 371,  43,
         188, 758, 365, 362, 734, 538, 519,  62, 739, 767, 411, 103, 116,
         452, 691, 783, 598, 810, 189,   1, 458, 771, 285, 596, 656, 514,
         112, 461, 782])),
 (array([167,  57, 484, 340, 186, 725, 607, 602, 266, 396, 249, 810,  82,
          66,  60,  39, 462,  58, 705, 822, 313, 787,  85,  20, 402,  78,
         208, 392, 129, 471, 711, 795,  49, 498, 379, 411, 103, 211, 734,
         333, 836, 695,  26, 495, 287, 490,  77, 627, 820, 555, 757, 350,
         687, 675, 368, 493, 147, 665, 216, 505, 301, 557, 838, 477, 744,
         107, 564, 319, 616,  15, 161, 395, 595,  55,  92, 347, 281, 788,
         250, 312,  89, 154, 746,  68, 625, 598, 419, 132, 489,  40, 842,
          90,  18, 567, 801, 536, 474, 796, 629, 179, 727,  16,  33, 603,
         457, 243, 826, 372,  70, 765, 762, 670, 233, 804, 304, 793, 760,
         357, 256, 759, 293, 410, 694, 475,   4, 531, 545, 297, 191, 510,
         735,  94, 441, 343, 456, 646, 837, 231, 311, 113,   6, 478, 566,
         532, 644, 669, 341, 543, 219,  63, 361, 572, 245, 776, 544, 225,
         246, 239, 443, 138, 706, 237, 835, 261, 308, 431, 355, 295, 649,
         155, 366, 267, 754, 182, 215, 601,  84, 648, 782, 591, 323, 202,
         794, 519, 405, 205, 318, 116, 841, 133, 792, 716, 213,  52, 552,
         407, 535, 131, 473, 742, 840, 242, 221, 726, 514, 123, 584, 657,
         195, 668, 700, 247,  96, 217,  65, 539, 613, 626, 774, 404, 449,
         645, 101, 334, 672, 162,  98, 430, 712, 199, 588, 576,  91,  27,
         799, 100, 482, 300, 789,  56, 209, 547, 265, 729, 707, 135, 824,
         608, 145, 299, 525, 811, 558, 363, 615, 226, 262, 400, 570, 163,
         327, 429, 643, 180, 768, 691, 502, 487, 503, 771, 141, 710, 412,
         761, 565,  93, 597, 139, 337, 420, 440, 534, 369, 619, 382, 339,
         144, 388,   7, 406, 149, 349, 276, 364,  13, 280, 517, 778, 389,
         658,  59, 257, 156, 533, 227, 828, 701, 428, 254, 722, 397, 605,
         184, 466, 204, 560, 260, 479, 790, 733, 551, 775,  34, 738, 599,
         362, 356, 171, 459, 523, 201, 164, 325, 554, 480, 252, 296,  88,
         549,  36, 168, 251, 693, 623, 656, 365, 718, 314, 238, 244, 777,
         274, 424, 263, 538, 229, 125, 709, 785, 632, 136, 200, 641, 426,
         624, 715, 197, 118, 130, 189,  19, 464, 384, 573, 497, 326, 721,
          97, 465, 604, 559, 360, 703,  45, 586, 338, 105, 753, 622, 106,
         468, 488, 448, 353, 436, 207, 378, 594,  30, 486, 324, 172, 659,
         521, 748, 282, 285, 210, 398, 451, 439, 647, 628,   5, 409, 463,
         807,  51, 248, 284, 515, 152, 664, 275, 717, 673, 614, 470, 143,
         581, 264, 289, 713, 472, 128, 813, 737, 278, 631, 562,   2, 511,
         797, 173,  73, 196, 527, 758, 740,  61, 640, 666, 111, 458, 160,
         117, 150,  46, 582, 316, 185, 689, 620, 720, 808, 653, 387, 193,
          22, 589, 453, 638, 708, 684, 743, 223, 819, 403, 422, 342, 496,
         575, 548, 592, 306, 234, 513, 413, 432, 367, 786, 399, 508, 377,
         485,   9, 680, 685,  29, 571, 393, 809, 636, 763, 270, 800, 652,
         279, 142, 258, 618, 773, 315,  21, 831, 583, 530,  64, 183, 298,
         232, 158, 817, 119, 307, 228, 157,  67, 678, 745, 690, 585, 621,
         381, 268, 416, 109, 747, 187, 331,  11, 524, 175, 255, 283, 541,
         277, 110, 781, 839, 736, 446, 102, 663, 177,  25, 617, 798, 633,
         240, 467, 383,  69, 537, 553, 756, 288,  42, 829, 783, 509, 425,
         358, 206, 812, 580, 688, 408, 371,  54, 115, 540, 169, 483,  44,
         198, 230,  79, 780, 651, 834, 821, 166, 654, 518, 178, 563, 269,
         370, 818, 309, 190, 272, 569, 194, 679,  81, 676, 590, 174, 220,
         843, 827, 351, 450, 825, 833, 579, 600, 445, 637, 455, 750, 699,
         662, 491, 492, 165,  32, 345, 305, 587, 322]),
  array([303,   0, 642, 770, 302, 702, 292, 739, 127, 556, 674, 373, 815,
         460, 236, 501, 433, 650, 696, 434,  17, 610, 335,  83,  80,  50,
         126, 320, 830, 755, 354, 348, 769, 151, 730, 516, 352, 414,  71,
         291, 681, 294, 630, 170, 359, 235, 222, 344, 253, 376, 391, 336,
         578, 290, 423, 550, 444, 606, 507, 454,  31, 639, 506,  35, 124,
         823, 520, 806, 683, 148, 719, 686, 259, 546, 749, 218, 677, 803,
         704, 317, 120,  74, 667, 697, 791, 438, 273, 832, 415, 655, 682,
         374, 500, 728,  48, 203,   1, 329, 634, 612,  12, 159, 698, 214,
         635, 561, 332, 310, 469, 328, 461,   8, 772, 137,  10,  99, 427,
          14, 447,  72,  86, 346, 286, 499, 380, 146, 481, 611, 732, 724,
         176, 435, 779, 417,   3,  24, 766, 751, 660,  75, 504, 741, 418,
          43, 121, 767, 241, 114, 526, 394, 271, 723, 108, 476, 731, 437,
          95, 494, 805, 421, 153,  23, 181, 401, 104, 816,  47,  28, 442,
         784, 192, 692, 522, 330, 212, 375, 802,  76, 714, 529, 528, 574,
         596, 385, 321, 452,  37,  38, 814, 609, 140, 512, 134, 224, 593,
         577, 122, 386, 568, 542, 188,  41,  87, 112,  53,  62, 671, 661,
         764, 390, 752])),
 (array([518, 576, 825, 177, 743, 491,  75, 704, 710, 392, 588, 631, 602,
          72, 122, 196, 136, 656, 429, 396, 205, 271,  85, 159, 252, 332,
         679, 493, 164,  45, 364, 277, 537, 476, 230,   2,  21, 806,  58,
         361,  71, 484, 526, 183, 606, 263, 128, 180, 530, 225, 788, 337,
         199, 104, 388, 644,  33, 426, 170, 598, 459, 380, 233, 842, 192,
         376, 741, 575, 168, 739, 181, 383, 211, 533, 158, 642, 315, 468,
         449,  67, 539, 812,  26, 572, 455, 387,  87, 411,  18, 677, 350,
         796, 608, 308, 706, 171, 691, 735, 178, 550,  65, 457, 437, 601,
         490, 379, 113, 487, 535, 155, 592, 188, 287, 295, 834, 102, 307,
         841, 801, 109, 412, 800,  40,  29, 275, 121, 105,  48, 542, 354,
         703, 431, 239, 410, 611, 790, 139, 617, 107, 304, 836, 695, 125,
          54, 618, 665, 259, 744, 232, 452, 569,  63, 425, 740, 595, 507,
         755, 358, 290, 262,  57, 781,  97, 799, 377, 811, 636, 544, 395,
         745, 462, 730, 804,  84,  32,  16, 519, 210, 366, 726, 514, 828,
         786,  39, 250, 560, 655, 370, 607,  61, 795, 371, 753, 660,  42,
         333, 749,  89, 276, 676, 403, 756, 630, 723, 281, 581, 534, 386,
         779,  19, 343, 186, 200, 596, 580, 564, 515, 470, 326, 140, 818,
          14,  44,  34, 401, 763, 536, 454, 289, 360, 736, 559, 220, 208,
         442, 632, 299,  17, 436, 570, 321, 216, 483, 810, 816, 393, 584,
         362, 495, 480, 112, 269, 434, 351, 724, 545, 446, 297, 547, 766,
         567,  31, 235, 682, 809, 712, 260, 359, 561,  36, 345, 257, 110,
         438, 562, 613,  62,  82, 764, 405, 248, 138, 291, 629, 420, 839,
         791, 255, 780, 261,  12, 597, 832, 814, 705,  13, 330, 237, 527,
         346,  25, 625, 481, 504, 590, 708, 324, 672, 267, 284, 273, 830,
         661, 214,  68, 815, 737, 511, 639, 582, 450, 662, 198, 501, 120,
         489,  30,   7, 416, 283, 823, 132, 382, 172, 166, 702, 746, 528,
         111, 694, 574, 721, 176, 555, 673, 761, 329, 124, 207,  79, 116,
         224, 752, 302, 465, 599, 593, 353, 612, 373, 637,  47, 833, 399,
         147, 681, 686, 840,  49, 604, 118, 646, 707, 525, 400, 578, 505,
         154,  23, 843, 725, 407, 236, 369, 838,  56, 769, 229, 822, 160,
         432,  10, 471, 221, 305, 149, 603, 668, 390, 768, 620, 778, 103,
         540, 311, 802, 227, 323, 162, 689, 577, 203, 458, 798, 185, 698,
         715,  70, 738, 264,  41, 720, 174, 506, 687, 464, 777, 143, 688,
         251, 696, 543, 222,  20,  51, 278, 316, 819, 684, 152,   3,  28,
         652, 179,  80, 829, 385, 445, 151, 430, 645, 508, 556, 767, 131,
         787, 274, 541, 774, 718, 123, 440, 626,  91, 502, 447, 771, 293,
         197, 241, 638, 510, 467, 129,   9, 627,  50, 202, 294, 640, 381,
         765, 516, 615, 751, 486,  83, 797, 435, 100, 558, 270, 585, 341,
         757, 201, 456, 461, 772, 374, 678, 579, 195, 475,  60, 433, 312,
         218, 298, 573, 619, 674, 614, 628, 245, 466, 785, 108, 189, 692,
         394, 145, 750, 317, 428, 835, 524,  24, 565, 821, 219, 647, 658,
          95, 231, 770, 212, 538, 322, 339, 280, 334, 716, 616,   1, 169,
         793, 254, 826, 474, 137, 184, 690, 368, 187, 762, 488, 649, 406,
         713, 336, 328,   8, 548, 675,  73, 472, 641, 319, 594, 301, 355,
         460, 228, 173, 622,  77, 408, 190, 820, 285, 634, 600, 144, 206,
         367,  76, 794, 338, 623, 135, 133, 397, 517, 837, 808, 666, 824,
         657, 807, 605,  69, 213, 119, 633, 747, 244,  88, 309, 402, 215,
         204, 141, 157, 117,  11, 734,  96, 375, 803, 760, 729, 773, 529,
          53, 813,  74, 722, 340, 365, 352, 240, 318]),
  array([126,  37, 663, 549, 146, 268, 792, 314,  64,  94, 521, 469, 415,
         482, 499, 827, 498, 391, 731, 732, 492,  38, 306, 266,  93, 563,
         161, 554, 709, 288, 664, 659, 150,  86, 422, 265, 424, 404, 667,
         194, 115, 256, 651, 253, 223, 134, 758, 503, 727, 156, 817, 242,
         683, 546, 441, 693, 114,  92, 258,   4, 335, 670,  46, 300, 653,
         443, 357, 650, 496, 106, 759, 363,  90, 586, 583, 127,  98, 409,
         193, 372, 444,  43, 414,   6, 191, 591, 238, 685, 348, 234,  66,
         477,   5, 448, 243,  81, 344, 571, 711, 463, 782,  78, 789, 427,
         167, 130, 217, 142, 272, 163, 719, 451, 776, 551, 494, 389, 654,
         313, 714, 226, 587, 566, 648, 485, 349, 513, 398, 331, 418, 831,
         532, 325, 419, 748, 520, 784, 500, 624, 635, 342, 671, 296, 165,
           0, 557, 356, 378, 552, 101,  52, 286,  15, 153,  99, 669, 247,
         610, 700,  35, 643, 421, 473, 246, 417, 523, 621, 182, 249,  55,
         512, 733, 775, 282, 209, 303, 589,  27, 439,  22, 320, 310, 717,
          59, 805, 497, 609, 697, 384, 742, 279, 347, 478, 148, 531, 327,
         175, 701, 413, 509, 728, 423, 699, 522, 292, 553, 479, 568, 453,
         783, 680, 754])),
 (array([314,  56, 739, 356, 355, 622,  96, 657, 545, 532, 170, 785, 669,
         250, 483, 812, 628, 766, 477,  86, 543, 226, 129, 259, 706, 673,
         403, 315, 471, 437, 266,  72, 268, 572, 555, 126, 729, 227, 433,
         110, 240, 513, 744, 701, 624, 530, 190, 358, 327, 156, 120, 262,
         830,  45, 481, 392, 648, 801, 735, 229, 113, 366, 320, 793, 396,
         263, 704, 180, 560, 742, 795, 757, 499, 627, 442, 445, 431, 194,
         491, 512, 370, 112, 495, 687, 111, 290,  85, 239, 503, 139, 162,
         271, 254, 131,   7, 591,  55, 542, 317, 307, 251, 191, 806,  87,
         136, 344, 488, 642, 128,  59, 145, 461, 257, 103, 199, 236,  26,
          14, 553, 816, 767, 179, 791,  38,   3, 831, 375, 127, 518, 141,
         384, 802, 125, 644, 741, 637, 832, 722, 167, 104,  28, 351, 444,
         605,  81, 357, 222, 149, 752, 805, 633, 455, 405, 252, 159, 453,
          12, 794,  42, 525, 368, 764, 289, 819, 395, 774, 746, 452, 267,
          91, 166,  52, 273, 336,  67, 106, 241, 401,  99, 720, 544, 456,
         322, 270,  71, 694, 352, 619, 671, 382, 606,  70, 203, 284, 460,
         265, 379, 551, 575, 753, 686, 285, 655, 119,  27, 462, 298, 178,
         280, 809, 408, 468, 249, 121,   1,  78, 504, 484, 228,  40,  44,
         434, 639, 490, 680, 508,  73, 651, 233, 678, 814, 207, 493, 799,
         658, 441,   6, 679, 519,  92, 609, 635, 470,   2,   4, 426,  10,
         369, 256, 130, 102, 213, 777, 115, 388, 101, 810, 175,  36, 381,
         397, 377, 626, 449, 287, 278, 482, 123, 688, 638,  32, 656, 299,
          82, 338, 728, 692, 698, 631,  77, 143, 563, 585, 599, 272, 661,
         712, 811, 643,  69, 417, 528, 152,  62,  25, 540, 246,  97, 291,
         391, 331, 148, 443, 640, 781, 509, 524, 469, 552, 223, 354, 600,
         700, 716, 710, 439, 410, 346, 833, 376,  11,  18, 424, 578, 580,
         467, 214, 789, 548, 311, 140, 723,  16, 695, 475, 498, 427, 465,
         732, 187,   0, 385, 559, 339, 372, 666,  24, 618,  89, 248, 429,
         380, 304,  57, 349,  35, 517, 736, 363, 447, 107, 820, 409, 779,
         647, 328,  34, 527,  63, 567, 204, 685, 516, 707, 617, 650, 697,
         770, 122, 362,  84, 133, 565, 526, 100, 733, 539, 402, 308, 672,
         589, 425, 422,  94, 411, 755, 373, 312,  29,   9, 610, 319, 756,
         714, 500, 416, 570, 420, 596, 772, 763, 364, 612, 828, 428, 347,
         297, 521,  47, 169, 292, 523, 594, 201, 436,  60, 554, 181, 531,
         390, 489, 731, 310, 224, 754, 288, 378, 157, 316, 725, 582, 109,
         547, 412, 348, 487, 654, 660, 154, 786, 821, 734, 693, 189, 549,
         220, 305, 279, 269, 473, 597,  65, 569, 836, 253, 496, 225, 614,
         574, 709, 621, 389,  61, 737, 840, 761, 438, 796, 824, 608, 457,
         747, 404, 826, 804, 674, 813, 118, 432, 787, 797, 329, 210, 535,
         407, 842, 337, 242, 277, 760,  31, 161, 529, 232,  54, 195, 171,
         333, 300, 803, 758, 584, 147, 825, 218, 302, 505, 418, 234, 677,
         573, 783, 464, 550,  68, 808, 146, 765, 667,  19, 800, 759, 142,
         492, 294, 839, 163,  64, 197, 769, 717, 705, 745, 602, 132, 200,
         245, 221, 205,  76, 652, 138, 286, 313, 301, 603,  17, 675, 243,
         206,  23, 738, 715, 485,  51, 616, 472, 676, 762,  58, 276, 630,
         459,  30, 414, 719, 592, 342, 413,  90, 261, 663, 208,   8, 776,
         538, 699, 295, 713, 841,  33, 681, 281, 615, 160, 144,  74, 211,
         176, 507, 607, 557, 790, 792, 359, 576, 151, 726, 579,   5, 670,
         653, 274, 664,  37, 341, 641, 601, 192, 479,  79, 743, 561, 587,
          50, 398, 186, 332, 238, 188, 771, 184, 478]),
  array([702, 501, 196, 283, 696, 466, 383, 217, 458, 406,  93, 306, 727,
         309, 807, 155, 394, 659, 682, 843, 721, 838, 636, 117, 541, 480,
         749,  46, 511, 198, 387, 751, 730, 611, 668, 834, 386, 185, 153,
         593, 165,  80, 562, 231, 474, 534, 497, 296, 476, 817, 510, 182,
         448,  13, 183, 216, 164,  98, 645, 581, 202, 255, 583, 275, 613,
         303,  66, 703, 168, 393,  49,  22, 361,  48, 829, 798, 258, 360,
         494, 371, 323, 649, 718,  43, 662,  95, 768, 823, 780, 345, 353,
         568, 827, 822, 564, 374, 399, 740, 577, 782, 684, 174, 244, 334,
          83, 566, 430, 137, 209, 750, 463, 282, 260,  53, 590, 108, 114,
         815, 533, 724, 646, 193, 124, 421, 623, 326, 247, 486, 340, 708,
          15, 629, 773, 440, 556, 588, 350, 634, 818, 778, 711,  21, 683,
         173, 546, 158, 748, 595, 514, 451, 365, 172, 775, 293, 558, 604,
         343,  41, 586, 598, 400, 536, 135, 515, 235, 330, 237,  20, 665,
         419, 215, 837, 690, 522, 502, 632, 788, 537, 784, 520, 450, 415,
         264, 620, 423, 177, 105, 335,  75, 212, 318, 325, 506, 625,  88,
         134,  39, 116, 150, 689, 835, 321, 435, 691, 454, 571, 446, 219,
         324, 230, 367])),
 (array([307, 478, 321, 604, 317, 648, 588, 452, 619, 541, 774, 343, 510,
          20, 579, 597, 532, 164, 561, 547, 182,  79, 192, 837, 384, 327,
         814, 365, 576, 731, 196, 433, 825,  26, 592, 747, 598,  52, 398,
         411,  82, 640, 764, 743, 292, 707,  90, 572, 815, 318, 116,  53,
         593, 558, 490, 756, 242, 299, 517,  13, 549, 249, 270, 820, 179,
         546, 122, 600, 301, 632,  49, 252, 426, 207, 202, 258, 830, 105,
         737,  63, 761, 135, 463, 263, 459, 216, 430, 466, 550, 166, 298,
         269,  15, 772,  62, 470, 437, 609, 445, 431, 220, 800, 721, 415,
         643, 591, 654, 255, 562, 366,  75, 696, 115, 627, 237, 736, 574,
         200, 500, 420, 193, 296, 254,  67,  81,  11, 518, 410, 141, 629,
         106, 646, 319, 712, 439, 201, 424,  43, 581, 514, 693, 229, 625,
         150, 538, 813, 719, 759, 525, 303, 642, 612, 553, 782, 682, 828,
         622,  74, 805, 729, 664, 582, 630, 331, 280, 557, 711, 330, 755,
         792, 405, 248, 824, 586, 304,  61, 580, 692, 794, 734, 124, 767,
         745, 843, 353, 221, 446, 338, 520, 603, 474, 567, 615, 418, 751,
         540, 760, 404, 219, 314, 667, 725, 791, 385, 236, 197, 476, 323,
          29,  12, 315, 626, 155, 610, 363, 620,  24, 313, 279, 139, 351,
         566, 836, 214, 412, 467, 808, 527, 631, 489, 717, 501, 359, 167,
         496, 395, 429, 349,  38, 697, 770, 806, 687, 435, 177, 170, 436,
         272,  21, 685, 225, 524, 423, 807, 842, 838, 605, 606, 355, 704,
         345, 131, 101, 163, 683, 678,  45, 508,  35, 422, 475, 784, 491,
         611,  36, 147, 368, 777, 706, 210, 419, 655, 671, 740, 382, 689,
         659, 589,  76, 152, 618, 341, 142, 461, 444, 316, 208, 403, 235,
         241, 535, 228, 111, 396, 713, 264, 821, 421, 129, 575, 381, 686,
         504, 282, 180, 763, 346, 775,  34,  72, 253, 599, 624, 819,  71,
         295, 322, 708, 715, 695, 834,  98, 149, 402, 531, 456, 788, 114,
         482, 839, 306, 273, 645,  46, 379, 511, 752, 259,  95, 663, 400,
         616,   6, 440, 134, 432, 408, 157, 454, 494, 817, 442,  41, 644,
         127, 530, 613, 103, 233, 739,  23, 112, 680, 286,  33, 364, 498,
         802, 448, 471, 376, 512, 427, 357, 209, 684, 835, 779, 140, 741,
         294, 608, 347, 596, 780, 409, 288, 778, 477, 137, 276, 633, 110,
         172, 677, 577, 709, 352,  60, 462, 537, 801, 660, 261, 710, 765,
         159,  88, 455, 274, 169,  19, 414, 425, 413, 658, 251, 215,  51,
         206, 638, 521, 173, 348, 614, 662, 785, 768, 226, 158, 515,   1,
         297,  96, 797, 563, 502, 701,  70, 108,   0, 191, 119,  10, 783,
         730, 840, 334, 217,  17, 758, 810, 183,  87, 309, 175, 757, 559,
         702, 138,   9, 447, 428, 789, 238, 544, 284, 635, 271, 793, 143,
          84, 573, 239,  28, 335, 154, 799, 669,  54, 391, 554, 354, 636,
         545,  56,  37, 204,   2, 621, 277, 360, 602, 300, 668,  57, 161,
         585, 337, 481, 691, 539, 256, 380, 212, 472, 232, 104,  89, 224,
         230, 449, 266, 670, 121, 493,  78, 399, 388, 526, 841, 672, 727,
         100, 356, 832,  68, 390, 336, 647, 275, 393, 350, 569, 823, 484,
         416, 587, 340, 156, 509, 811, 652, 397, 694, 389, 125, 733,   5,
         594, 749, 151, 188, 465, 246,  14, 285, 690, 287, 213,  73,  92,
         311,   8, 534, 283, 305, 787, 291,  47, 722, 218, 744, 394, 529,
          83, 483, 160, 617, 533, 113, 714, 650, 762, 189, 324, 773, 265,
         310, 165, 267, 601, 386, 766, 513, 128, 833, 438,  93, 754, 328,
          30,  99, 434, 607, 289, 290, 302, 681, 738, 234, 595,  48, 732,
         383, 153, 750, 372, 102, 374, 703, 548,  31]),
  array([120, 485, 371,  25, 362, 187, 136, 506, 375, 781, 406, 570, 688,
         705, 656, 742, 178, 641, 769,  94, 109, 223, 168, 487, 786, 522,
         497, 453, 417, 473, 132, 344, 451, 146, 130, 796, 401, 720, 551,
         746, 728, 325, 637, 818, 184,  16, 564, 443, 479, 560,  58, 822,
         378, 651, 257, 231, 812, 332, 565, 495, 186, 312, 195, 700, 123,
          64, 308, 673, 107, 661, 639, 675, 244, 171,  22,  59, 523, 464,
         552, 326, 262, 657, 118,  32, 679, 556, 492, 126, 458,  69,  97,
         795, 181, 804,  42, 240, 377, 543, 243, 555, 698, 369, 590, 227,
         133, 699, 293, 798, 584, 260, 831,   3,   7, 407, 222, 190, 185,
         148, 516,  80, 468, 205, 542, 450, 333,   4, 623, 174, 829, 361,
         674,  27, 676, 748, 367, 771, 211, 826, 505,  40, 320, 441,  50,
          18, 809, 387, 268, 578, 753, 198, 528, 342, 373, 329, 480, 628,
          91,  66, 457, 790, 649, 583, 571,  65, 278, 194, 488,  85, 816,
         145, 723, 250, 247, 666, 776, 507, 339, 716, 460,  44, 176, 827,
         199, 499, 245, 718, 735, 117, 203, 370, 486, 653, 392, 358, 803,
         634, 469,  39, 568, 503,  77, 144, 726, 281, 519, 162, 665,  55,
          86, 724, 536])),
 (array([637, 149, 574,  89, 719, 525, 586, 679, 358, 534, 112, 517,  35,
         666, 718, 695, 345,   9, 543, 260, 659, 812, 521, 319, 730, 539,
         367, 283,  10, 653, 818, 809,  73, 769, 136, 662, 624, 704, 827,
         740, 325, 808, 589, 151, 208, 553, 776, 772,  83, 408, 206, 724,
         104, 372, 759,  51, 163, 475, 460, 138, 830, 596, 314, 189, 823,
         285, 748, 427, 209, 701, 257, 288,   8, 811, 728, 516,  29, 613,
         299, 414, 281, 768, 609, 473, 157, 564, 420, 838, 632, 404, 625,
         417, 365, 610, 723, 681, 338, 235, 757, 831, 191, 573, 210, 547,
         829, 315,  47, 382, 466, 631, 782, 683, 226, 569, 419, 397, 108,
          15, 669, 167, 583, 452, 244,  96, 531, 359, 152, 277, 700, 639,
         444, 649, 356, 590, 423, 784, 627, 154, 648,  14, 253, 705,   1,
         164, 385, 347, 591, 173, 439, 744, 148, 706, 379,  68, 790,  37,
         129, 509, 221, 351, 500, 333, 222, 109, 702, 174, 601, 773, 766,
         593, 716,  62, 522, 568,  88, 147, 324, 755, 198,  19, 676, 101,
         489, 664, 120, 326, 238, 501,  21, 273,  54, 636,  57, 643, 635,
         334, 584, 171, 559,  61,  84, 825, 469, 400, 137, 205, 617, 271,
         308, 184, 492, 366, 293, 248, 203, 335,  42, 254, 843,   5, 457,
         342, 306, 835, 484, 786, 498,  97, 787, 159, 431, 511,   7,   2,
          27, 735, 422, 192, 763, 762, 668, 796, 765, 523, 764, 745, 275,
         678, 800, 215, 380, 354,  18, 753, 642, 263, 832, 142,  72, 294,
          45, 274, 563, 236, 616, 693,  94, 592, 177, 552, 672, 280, 650,
         597, 199, 304, 230, 472, 346, 438, 603, 725, 488, 115, 684, 374,
         156, 709, 127, 608, 530, 307, 467, 732, 391, 793, 510, 712, 459,
         228, 102, 505, 570,  24, 493,  95, 673, 805, 515, 121, 437,  87,
         165, 296, 436, 388, 113, 193, 513, 619, 638, 814, 646, 160, 746,
         670, 114,  34, 218, 106, 551, 298, 202, 383, 223, 508, 455,  17,
         535, 321, 434,  30, 371, 320, 255, 667, 143, 243, 474,  55, 804,
         741, 810,  38, 224, 172, 266, 390, 671, 575,   3, 286, 435, 713,
         197, 395, 456, 618, 504,  32, 176, 471, 161, 196, 322, 329, 402,
         393, 477, 620, 480, 495,  59, 200, 588, 301, 675, 722, 330, 652,
         634, 370, 738, 413, 227, 729, 798, 361, 349, 721, 533, 717, 168,
         212, 828, 687, 426, 290,  41, 364, 451, 186, 497, 791, 190, 641,
         318, 340, 429, 548, 661, 502, 463, 526,  60, 689,  48, 494, 373,
         778, 622, 150, 462, 482, 795, 119,  93, 580, 820, 421, 289, 487,
         841,  49, 541, 305, 183, 821, 292, 503, 528, 411, 490, 458, 607,
          98, 454, 529, 703, 125, 331, 544, 130, 595, 267, 332,   4, 582,
         733, 446, 572,  92, 381, 479, 348, 415,  39,  22, 540, 448, 378,
         232, 806,  43, 241, 284, 204, 538, 313, 428, 562, 239, 282, 369,
         416, 443, 612, 545, 309, 550, 398, 734,  79, 731, 216, 567, 407,
         797, 265, 602, 585, 270, 524, 682, 185, 110, 799, 468, 677,  70,
         520, 485, 211, 424, 514,  86,  99, 783, 363, 614, 188, 587, 483,
         442, 611, 546, 486, 519, 785, 386, 352,  66, 836, 615,  33, 555,
         578, 153,  77,  90, 178, 377, 405, 219, 182, 262, 410, 344, 822,
          13, 170, 598, 839, 355, 645, 747, 261, 507, 311, 788, 699, 807,
         685, 187, 834, 720, 245, 447, 803, 256, 310, 696, 496, 237, 680,
         698,  78, 453, 775, 233, 767, 430, 406, 815, 403, 409, 144, 268,
         771, 116, 249, 626, 246, 688, 491, 633, 141,  85, 251, 665,  36,
         663, 579, 628, 594, 506,  12, 300, 465, 376, 440, 630, 396, 341,
         123, 824, 287, 179, 651, 432, 750, 686, 217]),
  array([532, 336,  69,  25, 368, 445, 194, 231, 558, 481,  64, 117, 323,
         247, 743,  63, 657, 691, 225, 128, 542, 278, 518, 418, 252, 727,
         549, 394, 581, 726, 600, 604, 317, 327, 560, 527, 816, 158, 833,
         303, 213, 742, 674, 450, 124, 464, 145, 770,  46, 760, 813, 126,
         139, 537, 343, 640, 384, 134, 339, 140, 749, 571, 576, 656, 779,
          82, 758, 577,  74, 647, 264, 449, 461, 739, 470, 412, 826,  28,
           6, 107, 754, 644,  80, 362, 789,  16, 512, 761, 536, 375, 751,
         433,  44, 389,  81, 710,  53,   0, 297, 694, 234,  71, 777, 350,
         401, 774, 295, 660, 654, 279, 399,  40, 353,  65,  75,  52, 802,
         291, 207, 711, 312, 658, 837, 302, 155, 316, 794, 122, 499,  31,
         259, 819, 623, 606, 258, 441, 737, 133, 708, 621,  50, 655, 840,
         817, 181, 220,  11, 752, 566, 272, 169, 842, 392, 276, 118, 478,
         201, 801, 180, 781, 557, 135, 387, 629, 162,  76, 792, 242, 103,
         229, 269,  56, 715, 780, 692, 360, 146, 554, 105, 565, 697, 131,
          23, 756,  58, 357, 214,  91, 100, 240, 175, 425, 714, 195, 556,
         476,  26, 599, 250, 166, 605, 132, 690, 707, 736,  67, 328, 337,
         111,  20, 561]))]